  0.000000000000000E+000
 -2.361676412604102E-009
 -1.274638082110221E-008
  -1.03620745693970     
  0.809054704349900     
 -2.815595064142689E-009
  1.144659416957684E-008
  6.626679651122666E-009
   6.30063585601180     
   2.85776667691142     
   2.01385182584598     
 -0.434196343760731     
  -9.87129106972440     
   1.93625318616208     
 -0.753170927637528     
  -5.67980784610774     
  -4.37267630640185     
  0.300677163240223     
   4.33043245133074     
  1.999387211029592E-010
  5.491496934345751E-010
  -2.57331589270293     
  4.710101626982333E-002
 -3.146252685770175E-010
  7.111204544444625E-011
  0.880284791828458     
   1.84811284481769     
 -2.672493017106049E-010
 -3.317775317911873E-011
  -32.5149169104566     
  -10.2878434577409     
  -17.7513063646949     
   15.6828176143759     
   21.0059646684450     
  -15.0361798443592     
   6.94908649625446     
   8.67420715556611     
 -0.629403958983849     
  -2.19906195242174     
   12.9742571245178     
   6.11637186392724     
   10.3829613643040     
  -10.6110489275877     
   29.5340601845799     
  -9.62459661115899     
 -0.986394624336661     
  -5.29522096670749     
  -1.34366863171882     
   8.36931384326440     
   13.1986468002984     
  -3.84606537051955     
  -2.04142529281837     
   1.36837111358969     
  -6.38996214583893     
  -6.51913605998114     
 -2.821763552146977E-011
  3.834902213458190E-011
 -0.926941814763154     
   5.76102688388758     
   14.6012454726980     
  -8.68657542688275     
   20.4929501865259     
  -8.23437190357152     
   10.3991439558262     
   8.69383988181582     
  -8.08905862463329     
  -10.4045914567614     
  -7.98868178808751     
  6.717836299683948E-011
  3.659340634734760E-011
  3.940747215588529E-011
  -8.20356043684568     
  -4.19952507273475     
   2.37058924019499     
  -7.42631686408098     
  -9.38627781220544     
   2.88301055121450     
   17.1309968796311     
   1.06390980784911     
  -4.00880541889129     
  -1.15249419407660     
  -7.56857303689901     
   11.2827751426111     
  -17.4089285867825     
  -6.92965491202244     
  -12.5306703850678     
   12.8428324992399     
   7.70393885685447     
   8.38839294138736     
  9.569491840686423E-012
  1.953006377730696E-011
  -1.34812043050094     
   6.76764086128351     
  1.337303539832947E-011
  6.300107768962207E-012
   8.92785002574855     
  -3.38950842275797     
  2.247148159424020E-011
  1.876007862618306E-011
   3.03276547452356     
  -14.6653124061661     
  6.895481839921387E-012
   9.43516146215114     
 -0.766252204691289     
   5.68337596490202     
   6.34420000602677     
   5.99859019281460     
  -25.3541019196228     
  -5.60109656002602     
  -17.1181451939856     
  -13.2919892817351     
  -2.04827725947968     
  -17.6167051399425     
  0.499102681811788     
  -7.80828520911495     
   47.3585492591475     
   18.9476614532306     
   3.37883300794236     
   36.6227127115150     
  -2.19033077751005     
  -19.0195305267404     
  -34.7782166441808     
   10.0757653389793     
  -6.26406326459320     
  -41.7622488593248     
   10.1219231402104     
   10.5770915027543     
   4.26792648656857     
  -12.7293524970905     
  -4.60894026246335     
   24.7368292648065     
  -14.1673024043810     
   19.0071732835087     
  -8.56724268144391     
  -16.9368088967846     
  -42.7674257387517     
   13.7067969978579     
  -10.3567944116798     
   53.2024715437047     
   19.2632120697751     
   4.70041526937701     
  1.238683823746225E-011
   35.2430339306714     
   8.74696149220315     
   4.52859956601700     
  -12.1707365386754     
  -29.0295214996761     
   14.8860405506943     
  -2.40162619196138     
  -30.3266929525544     
   1.54116037869503     
   6.66619427551616     
  -1.89479657706857     
   1.85695370037937     
  0.329956858481108     
  -11.9349189103380     
  -32.6977214589853     
   16.1301101963278     
  -5.12072958081670     
  -13.9930536067585     
   9.58725934117723     
   2.88125845661774     
  -30.7837810704134     
   7.27502247803020     
   1.07102619106387     
  -8.40225083714270     
   12.0205588955996     
   4.48344504528633     
  4.639624471764637E-012
  1.746179421418320E-011
   44.1935114541744     
   13.0662866473705     
   8.63578985172405     
  7.249818151428933E-002
  -2.46907156287604     
   14.0319791365518     
   12.0764270016974     
   1.59573991267261     
   5.40096984245390     
  -29.6149166928522     
  -26.2635624971299     
   18.5853356493102     
  -7.93204100557448     
   25.3275683319226     
  -27.5463792637365     
   12.5367940844678     
   3.51669918076010     
  -28.0982655861523     
   36.2721439084337     
  -4.62269145418622     
   1.50729417672801     
  -12.9767091458854     
   2.09198605070544     
  -26.3327325692046     
   20.0473579869091     
   2.55742783234675     
   7.81792346035812     
   11.8592313701516     
   12.8598107978077     
  -3.51564375665336     
   17.7328066673994     
  -21.4943717257021     
  -18.6500637357227     
   6.17941788869444     
   30.3962735432797     
  -40.2184247670824     
  -9.62730327757892     
   28.6306737571015     
   24.0497119909313     
   16.9646100798202     
   5.32617278928028     
   11.4973635944414     
   12.9381804701677     
  -24.3119193909848     
   7.59982620221236     
   19.7145530857930     
  -24.4847559077405     
   45.1506646536054     
  -19.4260028495462     
  -3.44958970863376     
   4.48181153016922     
  -12.4469250611727     
  -44.9407528414801     
  -15.7263094285207     
   15.5597925909027     
  -4.18784424224561     
  -6.73018475001229     
   6.43445631045831     
  -23.7609622712271     
  -6.02440598636701     
   14.8221867515410     
   13.1208137676758     
   3.33826580161820     
  -5.81454444914393     
  -15.9968612332265     
   10.8493615818283     
  -1.62013798653490     
  -50.4629869453338     
 -9.407990937015656E-013
  1.328828502915187E-012
 -7.778603781630705E-012
  -9.56129512493633     
  -16.7704886570633     
   1.14238989391974     
   18.9787427187667     
   15.2178064238578     
   23.5861238390014     
  -34.8299753581288     
   11.3129251433989     
  -19.1038051059019     
   18.1490755328432     
 -0.765557979560056     
  -19.3440986130640     
   32.1645607602723     
   2.39619144909447     
  0.770561376522210     
   20.0116160300810     
   9.96517034168288     
  -4.62183779233140     
  6.277107260145056E-012
  5.853812233845687E-012
  -6.99367195644329     
  -17.3234432281960     
  -28.8431900563289     
   11.7079435758895     
  -9.42559477214335     
   9.97375492692662     
  -18.5790526279230     
  -4.74798664846083     
   28.6467926271269     
   33.0896604229990     
  -6.90350145450538     
  2.666914963259582E-012
  3.930863604010879E-012
 -7.410461673605783E-012
 -2.553067435612563E-012
 -5.991162168760997E-012
   4.40442055167049     
   16.6831981740493     
  -7.37804806511295     
  -19.3236331959834     
  -14.6246522330072     
  -5.01481850287337     
   3.77965792469584     
   11.1808089070484     
  -10.6965808860246     
  -11.0896005006389     
  -8.64732150780067     
   28.8789234823104     
  -24.9725426726046     
   13.9689043295594     
  -26.2859270098674     
  -1.98787907722750     
  -12.4697116178406     
   8.45496412136180     
  -70.1187202356069     
   38.8324369480986     
  -6.10811864892649     
   16.9744184819896     
   1.43044562453278     
   32.7482265635809     
   24.8225761061766     
   76.5680378795227     
   6.66885146383012     
  -21.7408760505236     
  -29.4268396504538     
  3.264213067826828E-013
  4.459877419134991E-012
  -22.5763546368673     
  -10.7033716888523     
  1.193845644947236E-012
 -3.655695912660109E-012
  -7.69036777031864     
  -18.0977871030165     
 -4.119021968961689E-012
 -2.216349820737962E-012
  -9.44235459412208     
   3.95804356624273     
 -3.299754000479225E-012
 -2.792267005582617E-012
   12.0274813263559     
   17.3874270785150     
 -7.964507782052840E-013
 -0.866109964206817     
   32.3409673451043     
  -83.9846500301684     
   3.40970992413719     
  -20.5116218269516     
  -24.8083264773932     
  -22.8006796470781     
   5.67782841900719     
   64.1407925167510     
   41.6075502105209     
  -60.9775158076822     
   20.3667411754674     
   38.9997261406241     
  -14.3024706326290     
   4.97324574265314     
   34.0475655916331     
 -0.682909130719356     
  -55.2549532951261     
   33.1546977013943     
  -47.4729494751677     
   37.6923597644207     
  -13.2696815581172     
  -6.02401541953786     
   10.3529867431023     
   53.1883437410617     
  -11.2624447245157     
  -24.4794223319005     
  -41.2463290872410     
  0.676270221202342     
   1.72415975003289     
   93.8472891431936     
  -97.7376481344658     
   30.8533845170423     
   43.1008991773193     
  -7.10871713389533     
   12.0666746949062     
  -11.5299477458984     
  -72.6295909765309     
   36.8210025327141     
   15.7413227700626     
   19.6346473972695     
  -30.3538863742741     
  -11.1366265677041     
   3.41624527656194     
  -26.1639021570144     
   43.3240240273642     
  -10.4281892225993     
   31.6208685870975     
  -9.01237066667977     
  -8.92778637806292     
  -13.3161983963700     
  -11.4797704889541     
  -64.9717057690391     
   27.1120915015176     
   13.5884156206546     
  -21.1947305466571     
  -21.3094444025210     
   44.9083986464034     
  -16.5213320135666     
  -6.09662444570441     
  -10.8985745853601     
   37.6573569121353     
   42.1848137104223     
  -5.35634219223143     
   7.26520618278849     
   13.4932071298869     
   27.4577188138080     
  -6.90417925475408     
   56.4832640745266     
  -6.26137202228486     
   16.0713158748757     
   23.8403270412913     
  -12.4571366145639     
  -15.7732859476536     
  -42.8381665848901     
   15.5596526813931     
  -34.1994014767336     
   51.6760723099715     
  -27.1575767196987     
  -10.0529524021202     
   22.9635696296724     
   33.2293131050456     
   5.48887171796209     
   18.9780340405832     
  -47.7584553168919     
  -2.96994926702267     
   10.6835128757970     
  -1.41105584596219     
   8.48877637653520     
  -37.9935322034354     
   3.44933926329321     
   19.3219150386411     
  -13.4817712271357     
   23.6228351186189     
  -36.4997977112598     
   26.1086603147161     
  -2.29637566322729     
  -28.2139272465474     
   38.0737862130757     
  -17.3652905859170     
   67.5058193166377     
   23.2517599233053     
   2.35259925806026     
  -25.9750527897030     
  -44.2491907735835     
   41.1645597121369     
   8.04462751848866     
  -45.3245533133490     
   55.5151980611959     
   20.0707456675387     
  -2.32096599995567     
  -4.84927786268881     
  -25.8036806579417     
  -38.7456258611224     
  -4.80671206811656     
  -14.5839090610640     
   45.9174293113806     
   87.7497329157423     
  -30.8663038887336     
  -34.5203109053246     
   14.8279185739104     
   39.0545555878294     
   25.9871274786985     
  -76.1373231594802     
  -10.4838328511429     
  -22.2414279246254     
  -24.8848372577912     
  -25.6698747828605     
  -18.0437909894217     
   28.1898867863389     
  -13.0024767968854     
   19.6517137935669     
  -35.2296859078119     
  -49.5412313489127     
  -12.7063895788433     
  -13.5508170256301     
  -48.6145150924702     
  0.548562304697548     
   27.4257122542343     
   25.7210180315344     
  -6.36969306326059     
   12.7319555085651     
  -5.85697036875118     
  -40.5003847937826     
   27.4586200508536     
  -16.3234363563837     
  -14.0061005389831     
   8.49938473254983     
  -3.43712650626965     
  -8.85315863848709     
   21.9600083656200     
   31.2533592564580     
   25.7410928934674     
   15.5228629761059     
  -54.5076392179130     
  -1.00119938241937     
  -30.8362844026521     
  -11.4935392597429     
  -22.4526759982902     
   32.7688440990236     
   7.74455078250480     
  -23.9436481480489     
   18.2348555326292     
   20.8496151953340     
  -26.8005767459350     
  -7.15666290595565     
  -15.2709228566743     
  -13.2400535965500     
   35.8911479840790     
  0.208750005599647     
   26.7616977683891     
   71.5717410965029     
  -24.9552969948587     
   39.9924042860215     
  -34.8365712369290     
   19.3136852464152     
   18.6817691107637     
  -20.4094592403450     
  -33.4789839776917     
   16.1310345221959     
   15.4204986042618     
  -124.864187007227     
   70.8817419856354     
   2.87393180011611     
   10.6977935184021     
   2.16197930779180     
  -36.4394329255037     
  -5.71367700716111     
   90.1550698080430     
   14.8684832678720     
   12.3988364301772     
   74.3892584295862     
  -34.7521820681946     
  -22.3527159805195     
   29.5249758181937     
  -12.6469047067762     
  -2.62123267685939     
  -6.52882257674562     
  -24.2943020100853     
  -35.5559906490898     
   23.3549956437586     
   57.9383351614601     
  -24.2984627696708     
  0.177020234091238     
  -9.73191578378787     
   95.0515468515663     
   9.01483345373502     
   24.3000345420716     
   86.6789442058144     
   13.9863397215685     
  -40.8591542827518     
   12.0092791016477     
   35.2121695646883     
  8.531370997312584E-014
  2.153310784155508E-012
  -29.2803705416811     
  -15.6769413501552     
   13.0286710220823     
   12.8756228182220     
   8.68635865259927     
   24.1053658416663     
  -49.5575203266447     
  -17.1972554348254     
   4.25281586071205     
   18.4434248162343     
   27.3444413407582     
  -27.1372000655977     
   33.0212500776305     
   1.24805850397544     
  -27.0685511435752     
   41.3840016061513     
  -2.50847978029667     
   21.8133336449969     
  -17.8870249913321     
 -0.472580213959633     
  -23.6477033930734     
  -41.6106455743780     
  -51.0319754922417     
   6.26211629496551     
   8.97421794239940     
  -46.3579344132632     
   22.1205499192573     
  -13.8502826302225     
   18.4195395479058     
  -10.2146228043490     
  -16.1972112214069     
   12.3767001833431     
   29.1701730559133     
  -6.30013843402875     
   22.3665173299861     
   32.1802662171150     
   8.00223139761452     
  -28.7402655187242     
   24.7640908868292     
  -19.4432649752582     
   16.3726495762000     
   14.7281520845933     
   4.68137363193274     
   14.0480005115010     
  -48.7616347747600     
  -20.4117701335194     
   5.05191325346485     
  -43.9785834022510     
   17.6430831077959     
   34.3711707276267     
  9.821912698680357E-002
  -50.1003348606447     
   19.5631668754390     
   39.4948111013035     
  -51.1519243062389     
   38.3521908504472     
   65.7721379854457     
  -46.5995084852877     
  -11.6112225055256     
   22.0190651336485     
   28.5608649643114     
  -16.5931164359328     
  -21.7309120435091     
  -7.60797074337844     
  -61.0285815584216     
  -34.3442639937503     
   2.74994865350368     
   39.5417371391615     
 -3.721893371059487E-013
  -29.4823388471355     
   11.4514914769776     
   6.01023762326705     
  -3.43791821504090     
   19.1215537840845     
  -3.58501236318730     
  -23.3255821067687     
  -5.53321924783693     
   9.12842680696530     
   9.59722595279104     
   13.3107079766496     
   14.3879530232176     
   8.43949514975859     
   31.4412445628161     
   33.6067034488390     
  -14.2323536697070     
  -22.5975179576859     
   8.03061299475189     
   25.0105057403128     
  -7.29989729954035     
   7.96214917459330     
   5.04654550102533     
  -42.0380612014692     
  -23.1704993540671     
   3.16895646475135     
   3.46366573544397     
 -5.600611085827352E-013
 -4.339845989884475E-014
 -1.088701983625974E-012
 -6.998504288328332E-013
  -12.4847872146137     
  -35.9299663953778     
  -19.4281919892002     
   6.16337901912959     
  0.810809797321305     
   6.84273736361073     
   26.9502195072370     
  -19.0190624177713     
  -11.8848490947501     
  -28.1925405137030     
   19.7434480245678     
  -1.27071998623585     
  -28.4343285134061     
  -38.2342537264688     
  -19.6147323477277     
   32.3942111668347     
  -5.05483679617713     
  -6.58476059869800     
   29.7572099446061     
   6.63772416202337     
   18.2091170037715     
   2.58732117718820     
   4.66336942358166     
  -32.0538850108922     
   13.6149902312132     
  -53.4452499577152     
   50.7394500678907     
  -10.3950032652368     
  -12.9864142028055     
   41.7495650806591     
  -57.9200178348941     
 -0.786132934092874     
   34.0428765310552     
  -5.80838610622496     
  -11.2453229392508     
  -24.7104319306854     
   16.8042558683702     
  -29.9756142967903     
   21.4906124984863     
   3.35509816423503     
   7.51499083770212     
  -25.2358855954922     
  -11.6983726674119     
  -33.0996619971063     
  -59.5241234584566     
  -18.6555740856994     
   29.6676943596006     
   28.5589517647982     
   30.2659492162605     
 -0.638601920861362     
  -24.9170341241093     
   23.3800843780454     
   37.7872106542298     
  -66.3408041786752     
  -26.3037870492289     
   10.5803992751421     
  -33.1912469649480     
  -13.3523990283088     
  -92.8800855003112     
  -7.09505598825040     
  -8.38333598162570     
  -31.8102411297454     
  -13.7083511948431     
   24.0892060382327     
  -7.05332125146749     
   36.6526975480159     
  0.150658899893280     
  0.376087015872947     
   61.7476482203615     
  -44.8180276121395     
   62.9004941389251     
   33.9105734763187     
  -9.89201825189978     
  -16.0879288935853     
  -8.44762070013551     
   33.8624378642913     
   8.18158546358276     
  -1.36973440142607     
   50.5927696985161     
   20.0078319991879     
   38.2542182362115     
   13.2825893303087     
  -29.1929848298863     
   32.5252608848009     
   24.8630585203271     
  -21.9386057583286     
   6.81268681629436     
  -12.5626939700957     
  -53.9382675435661     
  -43.0909509970738     
 -0.232880652295279     
   20.9055387134821     
   10.3194044011711     
  -16.9152366275301     
  -16.3769386464224     
  -1.33804235399787     
   26.5715293285030     
  -11.1390352465977     
  -11.8472914874105     
  -69.2691885985334     
   4.18009553812755     
  -29.6399495238053     
   81.0671044840642     
   3.09611893975100     
  -15.2147505218129     
   37.1872787108138     
   60.1638842257245     
   11.5960458803083     
   28.1078983579239     
  -20.4638022950452     
  -16.5915070904495     
  -27.3646217036662     
   10.7995872571409     
  -35.6859602816086     
  -2.27093148401746     
  -77.0011930019326     
   8.04306881497566     
   70.1255654340873     
  -12.4366379431169     
   16.4217399797314     
   9.92700429922353     
   5.92744823898292     
  -24.6018112294426     
   17.8964115400757     
   13.5485501203294     
  -64.6774916958824     
   47.1289348465042     
  -12.8564487181675     
  -100.760214568151     
  -39.2583099777102     
   15.1850953557808     
   24.6142404216898     
   122.148080106375     
  -50.9359775952233     
  -28.0357640490664     
  -32.5453757977217     
 -1.632165688723045E-013
 -2.467466063759715E-013
  5.267043863529694E-013
  1.251728508782080E-013
 -1.354851443609264E-014
   19.6916956830862     
  -19.3939447696245     
  -21.5356461552318     
   36.5999486577539     
  -41.7331803213577     
   15.1123732868751     
  -4.65936866632489     
  -33.5716270691061     
  -18.6043170065355     
   15.6828695541759     
   2.16947479683936     
   44.0998758331543     
  -34.8483327695007     
  -8.33264704796417     
   21.6332498723409     
  -17.1305560474065     
   30.9107193560889     
   49.3134065406679     
  -16.9271242885098     
  -15.3121024942827     
  -13.0734163164806     
  -26.8926553325379     
   25.5890066950254     
   2.66846480675098     
   2.04396028754871     
  -38.3795250577159     
  -41.2269773893353     
  -48.0860379854275     
   31.9720367498553     
 -3.078518117040159E-013
 -3.711495028010208E-013
 -5.824498940085831E-013
   4.93079547970355     
   9.97822659946720     
   16.1019794662211     
   10.0410730773022     
   22.6705812114102     
  -19.7093359037985     
   23.7932151030582     
   3.34048220021981     
  -26.3353962146745     
  -16.2003245194915     
  -1.18789262338696     
   11.9282701720656     
  -34.6669459487072     
   12.1164244414012     
  -5.21524712826257     
  0.441610748992709     
  -48.4595813706110     
   26.1204635712020     
 -2.734933039332123E-013
  2.139548608513364E-013
   13.1772288547047     
   6.83107127904983     
   14.4978290981360     
  -7.74334506820173     
  -6.18175975264819     
  -2.62163026121246     
   20.9419466427111     
  -10.7812830994530     
  -52.7005970597703     
  -24.6954071978434     
   14.9546664608682     
 -1.807617685471623E-013
 -7.138451552503459E-013
  1.840537420372545E-013
  2.613175573467380E-013
 -4.463471669177945E-013
 -3.155258200784683E-014
   4.22969289913839     
  -25.3370178906015     
   13.4123570929031     
   26.8621774921156     
   27.9118436373025     
  -20.8678226421057     
   7.32379740913603     
  -10.1973110338954     
   24.8709805785640     
   33.5268492374312     
   8.46985438220524     
  -1.57509038022367     
   16.3555362929722     
  -5.83912178600263     
   32.7963987100925     
  -1.02151249758444     
   24.8774150048145     
   2.39055970084354     
   4.80205515977489     
   45.7163775592428     
  -33.7782170297741     
  -15.8132828690785     
  -18.1187289519950     
  -16.9700960820261     
  -72.5308467922199     
   89.7439396122645     
  -65.0200873027044     
   11.5990880214362     
   6.13024717573231     
  -16.5583017459335     
  -5.88762714251142     
  -33.9286916259130     
  -93.0188367444709     
  -13.5963027562337     
   83.6468754081278     
   48.7065060642410     
  1.415123153486041E-013
  1.417551913617536E-013
   15.7912399224563     
   47.3756750013269     
  3.604064368679258E-013
  2.150437062875240E-014
   28.4640473607935     
   2.76999640487918     
 -2.977541701769722E-013
  5.109116367053251E-013
  -3.40277984215072     
   25.9449742133702     
 -5.539683991694142E-013
 -1.940433453254023E-013
   2.65345527030877     
 -0.498418141589053     
  4.488313086878241E-013
 -4.206479138268140E-013
  -52.8570489829510     
  -38.3316215111643     
  1.706840809157332E-013
  -28.1599475392294     
  -3.61934138023153     
  -24.7408905791075     
   101.415133383672     
  -11.1199703674666     
   8.43764815578255     
  -21.8194895691197     
  -29.2601784275142     
   6.20558153565991     
 -0.746787313486683     
   9.39089864261467     
  -42.0648253714640     
   12.9288391092257     
   23.1838697002386     
   52.4029450240750     
   14.8590580136491     
   12.0481887555469     
   54.9579398985226     
 -0.899903520536689     
  -55.4802656583367     
   8.37513485652819     
  -52.9086562355759     
  -50.3276202427010     
  -2.27595908212866     
  -13.8863475288520     
  -18.8092925606357     
  -10.4336812314213     
  -2.92341861002878     
   42.9081012807659     
  -77.0773726316797     
  -2.64737730211447     
   12.6074704009775     
  -16.1004333525119     
  -23.5368550196629     
   16.0701366075124     
  -8.03657795433795     
  -16.9728450064856     
  -27.8897642528985     
  -7.94131619171413     
   46.8823138224477     
  -40.8847934345623     
   9.00504663187017     
  -13.7407056471727     
   15.6338759015024     
  -13.6451558467977     
   34.9068373016986     
  -46.3432937949338     
   17.9968222311834     
  0.134098916079623     
   20.8371192704679     
  -25.5073214370869     
  -42.9932305434788     
   12.4010522865037     
  -4.61555591333411     
  -1.48155162947000     
   42.2371168266363     
   10.1833087091837     
   15.7212299399750     
  -19.2065956112877     
  -32.5602110189004     
   18.9632143972608     
  -2.18778949479310     
  -18.9348454564313     
  -35.9585162125919     
  -36.9166811686199     
 -0.300634492372100     
  -55.5233527617470     
   10.4767309389501     
  -41.7687487272675     
  -55.1922546343758     
   21.9178815728242     
   29.5567638061488     
   3.47130788514331     
   37.0886437201944     
   1.62410479610950     
   27.8083318253471     
   79.5494067777408     
  -39.7194677205786     
  -53.5118627752749     
  -12.8958210436888     
   33.8501968212131     
  -4.30373191977585     
   14.7017914439035     
   24.6353877158387     
   10.0459254447714     
  -67.8035503461337     
   14.7776885442838     
   41.7265368971610     
  -37.5180197376577     
   62.7434914856472     
  -50.6473040800620     
  -9.63014674795933     
   37.2804917105097     
  -16.7303299174984     
   83.3652526980848     
   112.068869515690     
  -15.0458008321236     
   44.1414352960406     
   80.3236072513531     
   39.0556938704951     
  -4.16122747635233     
  -15.4397606444987     
  -88.7498579063109     
  -52.9429215499336     
  -12.3196767889035     
  -30.0634713198247     
   5.62718801872446     
   25.1015412587854     
   22.9369183312319     
  -67.0083087824794     
   15.8700734746418     
  -83.2757039373740     
   13.6661308951461     
 -0.655008842720767     
   125.706782522045     
   96.3796142459182     
   49.4448536715319     
   18.4880337384836     
  -32.6723726707216     
  -39.3081626300261     
  -76.3176155454330     
  -91.1630284762465     
   18.0630772149356     
   80.9706699410057     
   11.2358766325319     
  -79.8637876564141     
  -26.6737061344462     
   72.8264058716368     
  -33.4600267185861     
   31.5811104381918     
   19.9714200326893     
  -51.5628574879679     
  -90.5633604551691     
   55.6123723848238     
   101.576734001907     
  -113.683997521339     
   18.3498373468041     
  -45.0401560172426     
   31.5870654022899     
  -46.3320865380036     
  -51.2775858503056     
  -26.4860802150675     
  -17.8572599587322     
   2.13361760848610     
  -10.8899530003912     
  -36.3814415035482     
   53.5066022704068     
   25.7604445900513     
   15.4801853278820     
   92.0901575677591     
   36.6940689296661     
   81.9372495537341     
 -0.313070666944516     
   22.0352389457022     
  -10.5110351221744     
   14.0306070689474     
  -106.841967323775     
   68.6239797775882     
   28.5664314293373     
  -19.8547738867085     
  -3.93609192848389     
   9.61236399888561     
  -32.5578828776259     
  3.916352211091656E-003
   15.0236553451098     
  -6.48331949602130     
  -24.2049128127620     
  -87.7857288247642     
   7.70063415423307     
  -17.1780437583810     
  -74.8841420311409     
   52.9542145965475     
   54.6824478175674     
   56.6055190122448     
  -21.7810313935681     
  -42.9592435399207     
   12.0148324250127     
   26.0317497201619     
  -49.6251660665250     
  -15.9903243893931     
   50.2044108825406     
   9.12289079217830     
  -75.3625907129698     
  -13.7335555841797     
  -15.2173758207973     
   25.5482569886182     
  -7.21689193296065     
  -48.3622780375008     
   7.19066315187079     
  -73.3728837378001     
   75.7051305098355     
   34.7173104092946     
   66.3879960398779     
   107.768910108676     
   23.0802764083897     
   49.0422377241202     
   69.3410765336538     
  -58.6981385483274     
  -12.5304995979270     
   18.4272860218947     
   45.7694965500739     
  -18.3678776767957     
   30.6100850256316     
  -17.8338508080629     
   21.4591325294383     
   92.5372528922306     
   10.6452375362759     
  -2.42742816760691     
  -3.88222170320910     
   33.1033268834710     
  -17.3027739986567     
  -60.4367183484199     
   56.3008041370638     
   90.5714437553938     
  -33.6866010528821     
  -2.60414079415776     
  -22.2945460435831     
  -68.5742752891135     
   33.2528936655748     
   63.5847810770349     
  -33.1969445681303     
   30.1463285275416     
   8.50116437751306     
  -10.5042327705577     
   14.0576708755148     
   3.86326657017977     
  -13.3640590365899     
   22.4909158206130     
  -33.3385311502554     
   32.2639994630076     
  -19.2711076396856     
  0.543710325949231     
  -7.33385867178389     
   35.4833558674852     
  -42.1956030663487     
   37.6566876995972     
   3.58093245063590     
  -20.7339407475495     
  -10.2273368605808     
   45.0880233069334     
  -21.9607145088685     
   54.1975336315086     
   50.2221623518407     
  -21.9922854487030     
   4.46216910620204     
   34.1380946065095     
  -3.33578993923065     
   80.3129896095648     
  -37.7090837870259     
  -55.4612800638368     
   9.93873410413500     
  -26.0631963487901     
   28.1797107105690     
  -13.0402762661781     
   14.5896539106823     
  -38.1535833802498     
   36.4349256454804     
   29.5723009590149     
  -19.8730801153664     
   10.9825094535125     
   5.02857619658985     
  -8.73003895831086     
   5.58918983154677     
  -20.2391176154451     
   28.4636022699846     
   49.7988944875093     
  -24.7286672199611     
  -65.7077162993147     
   36.7755504810730     
   22.0594387881514     
  -4.77546453177550     
  -28.5350567196000     
  -32.2387059112571     
   80.0554340368250     
  -8.21943794461533     
   13.0542503506787     
   11.3834496492094     
  -26.3043824717034     
   1.45395613467010     
  -12.7823230635238     
  -24.7288043326599     
   33.4214322913428     
   17.5794018629075     
   42.4004207908808     
  -52.9585714710092     
   88.2988764343613     
  -47.1721294763623     
  -52.8092933916092     
   28.8513264997568     
   27.9317429545171     
   120.056738211318     
   21.4284161006039     
  -7.11870222572717     
   16.3897460200317     
  -14.7371456714776     
   7.40377783355170     
  -27.9684849574710     
   50.0803458221055     
  -9.06468994529988     
   10.8226532668174     
  -50.7534588410968     
   16.2478040090189     
  -47.4032717534618     
   17.7180116617418     
   15.5991333713242     
  -29.0107378548698     
  -14.3395982109346     
  -14.0918398720081     
   67.6327596032040     
  -30.2369553965158     
  -2.52436256758031     
   34.6865089799090     
  -53.7404639232739     
  -19.2081752013042     
   30.7695449183083     
   9.71214574045943     
 -4.927428864027306E-002
   62.6065797342848     
  -23.4647187646439     
  0.855759894222707     
  -52.3813873709263     
  -16.4699305516354     
  -48.1681471456401     
   34.4999581700156     
  -27.0700308252844     
   7.98317996318289     
   8.93974165744416     
  -37.1464704438939     
   5.18049749366278     
   32.6630172786430     
   3.32618080485857     
   5.16336447651539     
  -6.86488930530061     
  -19.3205076652993     
   17.7668446160834     
  -28.7936685595163     
   31.1491243926422     
  -30.0369673358956     
   13.0323444629256     
  -21.5124019696068     
   15.9319039289275     
   6.24219351289038     
  -1.26383180013560     
  -21.7268950136040     
  -17.8391429160712     
   12.8888623093540     
  -47.4477890606951     
  -22.4629273944175     
  -28.1762386661311     
   28.3393072564978     
  -13.3047689393050     
   19.5022721974977     
   29.1382345815814     
   41.1880964469684     
   19.5954643141515     
   24.6747081966715     
   11.2033643299691     
   26.1731658052217     
   10.8093538610990     
   26.0270754356023     
  -10.1420211790722     
   22.5263476776934     
   3.56039747594721     
   6.18509750573320     
   7.64617680931914     
   29.4265860571020     
  -36.4368680273687     
  -56.2237650304721     
  -17.5132592353969     
  0.328836573075684     
  -1.99084446399729     
  -3.72378557845590     
  8.542275508813368E-002
  -38.6710697279010     
   19.7607080663086     
  -24.9046402004544     
  -24.1691754037134     
   25.6155144140915     
  -14.3183764102110     
  -7.04748229759085     
  -4.83197535336139     
   3.73583585331728     
  -8.90193960948662     
  -19.5902834264761     
  -22.1301825688869     
  -1.79838718934468     
  -3.41972188654545     
  -15.2102156956260     
   36.6684796909416     
  -18.8659117808623     
  -7.34632083111057     
  -53.5130783459407     
   13.3757462504221     
   59.5065769675909     
  -19.8177704392214     
  -7.61374912493444     
   10.5459689542503     
   19.4783083686409     
   24.5907443488053     
  -5.08224052380981     
  -34.5272409921419     
  -6.45718506082336     
   6.22917393847843     
   22.6489563042571     
   8.44909207256215     
   6.76022663312594     
  -20.5828454818138     
   12.9428704021514     
   123.016196171352     
   10.7223838127657     
  -47.8533690773105     
   19.0974858754030     
   71.1821115572902     
  -11.0758634800962     
   23.1172129785642     
  -25.7743718846602     
   23.4083776596286     
  -18.8463114982763     
   74.4949433311820     
   11.7102318204559     
  -11.8799751729167     
  -2.36400025597257     
  -10.5515294524519     
   12.0907218854011     
   11.1739623712080     
  -6.42887593275140     
   25.7347499911588     
   3.71454963162166     
  -43.2151997226456     
  -5.52744564660171     
  -43.0814382239784     
   42.0942357166557     
   26.9932384943844     
   24.3136553755743     
  -20.8605394776442     
  -17.5789364549244     
 -0.591377790346097     
   29.9823842554694     
  -77.6665242125329     
  -17.0123369840040     
   85.2790936050196     
  -3.22593039261171     
  -30.9950858534134     
   22.7835298704533     
   56.1174119963070     
   21.4163018113490     
   12.0055824530952     
  -27.6168389098783     
   34.9499233272270     
   2.44538488371104     
  -29.3674399290345     
  -25.9130440011541     
  -20.3195328337046     
   19.2021891306974     
   29.2098402086785     
  -114.027810335128     
  -49.3486344230265     
  -8.47826853809327     
   12.0496212672798     
   49.5978515742648     
  -1.34772411270103     
  -55.7954264007895     
  -3.01809290849712     
   19.7169831322738     
   54.4326787539632     
   86.8453542736055     
  -18.8749420398707     
  0.591415500526834     
  -27.4583778344977     
  -17.4648933203184     
  -11.7326931305686     
   42.7486391671501     
   28.3371129866114     
  -28.6269039025641     
   38.1170735733174     
   3.52157805852928     
   36.3263596440143     
  -30.9690386785333     
  -17.6763732169367     
   35.2085540319427     
  -20.5793054184760     
   5.96860201744979     
  -6.50378752753094     
   9.99192512918114     
   56.0883907971027     
  -124.110394920175     
  -4.88218622498386     
   3.98693390057140     
   44.6621407534113     
  -23.6115927203381     
  -15.3668674747289     
   53.6735918770371     
   6.09350404730521     
   10.5237331894124     
   13.1855587718630     
  -26.6435018909305     
  -15.8702131734312     
  -20.7912363356433     
  -44.5972218653229     
  -11.6527934031125     
  -13.9032992038207     
  -17.0255544236415     
   9.32821701940217     
   26.3832584775614     
  -1.03358051794357     
   6.29377011145783     
   14.3511111539126     
  -14.9135455000190     
   9.28201823628067     
  -48.7021746051598     
   21.9329079456771     
  -37.2684361979514     
   40.0365692105359     
  -44.9081037616769     
  -12.8998207250025     
   114.088089467844     
  -16.6441513672292     
  -13.4451501758480     
  -42.3424036899239     
  -35.1604467423587     
  -39.6387674859875     
  -2.31489903801183     
  -7.84732322092137     
  -7.76343833085047     
  -36.6078216199797     
  -36.6008803059486     
   45.5399800980880     
  -145.849281251693     
   40.9733326577131     
  -90.3629039598361     
  -17.5060839145466     
   3.12339970658557     
   44.0465654128283     
  -15.2976214782121     
   31.0790332934982     
  -15.3890902810900     
   37.1425882447478     
   45.1207335789737     
  -49.7942109507616     
  -86.5493892649038     
   6.92721133575834     
   23.1862859767280     
  -6.35278130892206     
   30.0194209485589     
  -104.832370950893     
  -34.7393293491572     
  0.850712119232874     
   7.07920569939020     
   46.1972316975848     
   26.0729453238455     
  -132.457684511052     
   48.6775918160428     
   20.0616753068598     
  -8.62139022877616     
  -20.4321872261406     
  -47.8030002948590     
  -16.0796326729503     
   24.7411060678947     
  -14.0702614295325     
  -42.8591820509614     
   26.4898977012773     
   8.40509434137815     
  -37.7139931240602     
   23.9824926974065     
   23.5517962653241     
  -47.7478355408202     
   50.9750597590702     
  -37.4133465379070     
   40.5259955221251     
  -32.4018579959981     
  -34.8406399419405     
   54.3349365873458     
  -29.1542027197855     
   11.8105541031350     
  -11.1880479014228     
  -20.2481216698623     
  -6.30563475017848     
  -16.6666596594403     
  -4.14664898925900     
   25.5335493109491     
  -18.6903397841972     
   37.1335775702222     
  -27.0108386499384     
   79.1581368032952     
   116.069798502860     
   13.9484178929649     
   8.64822934690507     
   41.9480817326894     
   24.4978139560729     
   17.6350020432076     
   20.4942964963210     
 -0.894237616692859     
   21.4412307102480     
  -5.86252455377259     
  -21.8621707689628     
   3.34993495908599     
   13.5559405520786     
  -18.9874878947361     
   5.64169881968435     
  -26.9606385034063     
  -21.4293165615334     
  -56.8666063184077     
  -79.2513380885248     
  -140.907539719384     
  -35.7333196000285     
   14.9157494174070     
   20.8327086487208     
   49.4232961479879     
   36.6863098570457     
   36.7914109937401     
   2.17801799694752     
   19.2694996859423     
   16.1828146419964     
  -12.5883941900382     
  -9.01789019622441     
  -6.97077592483435     
   16.2798696226128     
  -21.2523922588766     
  -104.376934727451     
  -30.8220217698708     
  -63.4722142985654     
   57.5802359553619     
   58.4912019599245     
   37.5106534109456     
   9.70678377007435     
  -75.6986498579090     
  -33.4488121283250     
   38.6405878027521     
  -31.6970789531288     
  -32.4051956111435     
  -46.3362822561961     
   69.1693224865965     
   58.8629542569434     
   9.97287677698050     
   12.6159647865938     
   48.3450953245994     
   26.1716996166021     
  -29.9294725595011     
  -3.21449271518734     
   42.7543959864559     
   91.2956974703900     
  -82.7714550082827     
  -21.2060235686778     
  -75.4648478999606     
  -44.5053936040647     
  -40.4063526658071     
  -17.7691928202307     
  -14.0778057301961     
  -24.6860377826371     
  -15.4093795891539     
  -40.0455424072171     
  -18.8247486699494     
  -7.67421311817436     
  -38.9271920449503     
   13.9074806281637     
   37.1029206234207     
  -17.2094326514031     
   40.9872345642388     
  -16.5156617048849     
   11.6182644313382     
  -16.1221558682414     
  -49.5181845635593     
   3.83368865110563     
   88.0409340446991     
  -76.2686769148918     
  -23.4169893514157     
   11.3661397741257     
   25.8832398499072     
   19.1256819583054     
   7.21662223942657     
  -16.4946776774427     
  -63.8788134330720     
  -5.51066332735893     
   27.2984183720739     
   5.92393047164051     
  -41.1463041586141     
   36.4992014853155     
   61.4488394560971     
  -15.6278554815823     
  -30.8821839015325     
  -22.3052049594203     
   2.99069606842533     
   9.84009190860737     
  -23.2444264265259     
 -0.595609821854020     
   17.8904687608660     
  -16.5486201273731     
  -45.9056415239989     
   20.1574529491444     
  -36.2697078017513     
  -15.5048588355177     
   13.3839736634138     
  -44.8237511065266     
   18.7472898679524     
  -11.1204455129611     
  -29.1979559088134     
  -25.8600785105378     
  -24.1086146482529     
  -1.47037619870291     
   29.2985543290514     
  -86.7367881990211     
   9.02536574629880     
 -0.514640584331696     
  -3.61985969462875     
  -13.4682797020003     
  -97.2149599469575     
  -70.8859924431461     
  -40.6044534842473     
  -20.4986765830815     
   30.0530825821792     
  -102.898214694888     
  -27.2706534611388     
   51.8573955846543     
 -0.604861089582243     
   85.6919351991419     
   154.581859672021     
   106.496132579258     
   1.40156433150854     
   31.6299996768104     
  -26.3028554493337     
  -10.0441033269443     
  -1.48969541311881     
  -28.4753988106470     
  -4.79629217862762     
  -97.8736336215129     
  -47.6137789004597     
   24.4683846154699     
  -12.9409279146571     
   7.63914878965436     
   30.3080676199158     
  -1.95638661467450     
   5.20011057168965     
   7.54861096760041     
   19.9859112034459     
  -1.63232684373606     
   37.2892825233328     
  -4.33413286625041     
  -54.1466957259522     
   11.6352296507291     
  -59.0334588301469     
  -34.2626986376151     
  -107.884350591684     
  -159.207775989740     
   44.7960227674996     
  -13.6085441306226     
   21.1761651999831     
  -14.3683473896414     
 -1.507840526928907E-024
  2.696401334149973E-024
  6.748838791780953E-025
  9.752674689347804E-024
   33.1879921816093     
   16.9987313797937     
  -6.73912028449271     
   8.67961427864606     
  -8.56383408685079     
  -7.79419412828911     
  -26.6394534968817     
  -41.3480649648306     
   9.90513040857982     
  -8.84051583228133     
   8.41927183763642     
   17.8617011001487     
  -33.0953119624797     
  -8.33324090988046     
   26.7994542827479     
   6.97599793514410     
   15.2156999761799     
  -17.9558238300136     
  -12.6895382922705     
  -14.3415572869546     
  -11.3289332605093     
   34.0800676029617     
  -37.4619973114909     
  -48.5529740880550     
   64.2140044653444     
   37.0641753766633     
  -49.0407826524364     
  -33.7983745053157     
  -12.2189176941016     
 -0.787377373603038     
   39.8309907514907     
   7.32306447340910     
  -44.9595926923468     
   28.9600611729700     
   21.1690261331561     
   29.3034222591286     
   11.0736258450003     
  -34.1734197003665     
   17.6485849135188     
   22.6637838970605     
  -32.6977946100034     
  -15.7535482358873     
   6.71325458981931     
   11.1718542457062     
  -9.76654769502954     
  -1.61538840287966     
  -6.04166531126940     
   26.4543921885474     
   5.79682161122298     
  -46.3926292418424     
   31.5867045751118     
   3.85149075972370     
  -65.5083982150053     
   45.4960426185600     
  -102.938423441297     
   5.98336051321595     
  0.143598185107557     
   40.2015585671689     
   52.3611475009966     
  -23.6397525463931     
  -5.63864598166222     
  -15.4097330945795     
  0.221678830623926     
   35.7649018912889     
   20.3983313454353     
  -23.5118979819169     
   52.8475021400737     
   29.0712254998964     
  -32.4404249865219     
  -54.7937718295977     
  -6.60324144345665     
   17.2425036758868     
   34.3282006510110     
   9.51232720538794     
  -5.25013673928418     
  -28.2594986496667     
  -40.5614380560745     
  -9.10516590812530     
  -12.7739212567517     
   24.3334772409162     
   39.0600360638544     
   19.9079569886675     
   16.5420331802358     
  -7.74137436381446     
  -28.5696162992258     
  -9.18043327170157     
  -17.4517167508149     
  -2.29202649837654     
  -3.67606904277485     
   7.31707504379907     
  -5.13883702476144     
  -13.6345953144795     
   7.74925642151435     
   15.7268652955170     
  -16.8214929245114     
   2.30507757846361     
   26.2831331331847     
 -0.833476064895747     
   19.4288174413041     
   3.03212657537821     
  -7.50841569886494     
   18.0387035877646     
   72.1604593217394     
   4.70420368007790     
  -9.69612230386838     
  -20.6463684274269     
  -10.6723797630747     
  -31.0262580197210     
  -46.3055612729315     
   25.4522702873875     
   28.8844117728086     
   24.0984301469075     
   29.5153178154060     
  -21.7461318744608     
   3.30029851858353     
   2.86271496229405     
   28.6965449488380     
   21.6277432174944     
  -34.5911083882003     
   25.5699426274438     
  -15.7948049283417     
  -24.9051019168886     
  -17.7606957437696     
  -21.3808476107507     
   3.80198258837145     
  -48.3561927543732     
   27.7918035680010     
  -46.2449618606857     
   56.7262795388783     
  -4.33142314398784     
  -8.64416028853072     
  -23.0938729448303     
   12.1256386162092     
   22.4187842146175     
   22.1012664228910     
  -67.7488620459481     
  4.865610506056872E-024
  1.172108880890318E-024
  0.577398847522806     
   15.0094316391869     
  -2.30298869957976     
  -24.6449886806022     
   12.1739614475101     
   24.3035504359359     
   21.9732901783155     
  -5.68060860669508     
   30.1199572864341     
  -5.22499188481779     
   1.53436538381566     
  -15.1417733199697     
   12.5198588739969     
   3.24304835619342     
  -16.0068079150797     
  -30.1960506956575     
   7.63744134606413     
   31.4045898065138     
   15.0392872904220     
   4.57944081271400     
   19.6244762119293     
   10.5751410772467     
   17.9115843404550     
  -16.6970568710886     
   4.12752670993163     
   34.7474250185902     
  -3.76772055101070     
   11.9332192540945     
  -26.7468856514670     
   8.32353840024068     
   39.3228453104607     
  -14.8903822538729     
  -21.4912690321878     
   46.8088563728543     
  -34.3420036331586     
   16.8467176358277     
  -5.44653432759034     
  -22.8197845836706     
   1.54628883610059     
  -34.5495974369852     
   27.1559033832193     
  -14.3010950561196     
  -8.97807598967313     
  -15.2973184874256     
  -24.5383975939459     
  -18.1334440575573     
  -16.7319618789162     
   11.1780132102775     
  -22.0265435948387     
   2.12183211532084     
   19.0705264178640     
   21.8067917676049     
  -4.80733264688883     
  -27.5063388889869     
  -4.55247109603054     
   27.6083445042434     
  -9.64989937648901     
   32.4427925548177     
  -2.77365638220926     
  -9.66747874754052     
  -30.7812887069919     
   2.97418658750590     
   3.81849329417956     
   16.1604204893442     
   22.1279768774296     
   9.00070751685651     
   6.61490351327426     
   37.4625224885478     
 -3.641997127377852E-024
   15.9764728209864     
  -16.8733279220158     
   16.4217155547365     
   6.74411626454375     
  -8.26578431606790     
   9.65532975408608     
   15.6917019226441     
   41.0366421927702     
   6.31021974196159     
  -49.0264127407958     
  0.474874384308981     
  -11.0226553703989     
  -1.52644749910946     
  -26.8306908022883     
  -5.02161103973402     
  -2.48785367092219     
   12.9716232971166     
   32.9636702704637     
  -17.3570524982911     
  -7.80227963784994     
  -1.63575872453638     
  -10.0999151029287     
   14.0238405814186     
   12.3057378571556     
 -0.507624674904228     
   2.22158310066942     
  4.260513447161949E-025
  7.192614067135943E-024
  1.259182491739810E-024
 -2.841724965216422E-024
 -1.774333254147608E-024
 -3.817827244386936E-024
  -20.9722072725816     
   18.5064677364478     
   8.11830371619648     
   19.8323719099759     
  -23.8539084282388     
   6.55141267446852     
  -17.1566518830050     
  -55.4692850409246     
   73.6715383262196     
  -51.6245706167523     
   15.9343639698110     
   6.02101405570520     
  0.674065918079627     
  -28.9634053835890     
   10.2627225514607     
  -15.2878721183185     
  -12.5180274419356     
   58.5668442149226     
  -34.9937932438048     
  -37.8684744357071     
   51.3357460911384     
  0.606310243503788     
  -8.62043491299994     
  -2.81377232383207     
  -94.5389902036929     
   18.2089218058255     
   7.16077225095168     
   52.2915050534505     
  -19.2665828107146     
   13.5705742247992     
   2.69569838956958     
  -1.30551134738638     
  -5.77615958040425     
  -4.27404410577835     
  -25.3432741215359     
   24.3929580067655     
   133.172683597301     
  -109.031474423066     
  -81.4714851195563     
   56.1230684372213     
  -9.96487016086257     
   31.2061268716885     
  -43.0061847057293     
  -24.9975714158832     
   16.3665606207135     
  -9.98298645979965     
  -15.4683749846275     
   11.0372669960560     
   28.1517884467981     
   22.1849029850604     
   5.21121906979705     
   6.43506186919534     
  0.873420794091189     
   122.811776054875     
  -4.38213206656673     
  -42.3034285441773     
  -59.5544338755601     
   18.4330945749080     
  -21.0991424838726     
   11.3124903950680     
  0.702029309198104     
   46.2971842049461     
  -37.1654415140628     
  -12.6130597816003     
   56.4009435595938     
  -22.9365872309199     
  -18.1703126701582     
   2.58784587969143     
   26.1426515079138     
   155.097416907451     
  -54.0198071612086     
   23.6361497476151     
  -48.0901824571121     
  -50.7668622764215     
   22.1869689395929     
   1.76144851504966     
   161.391750743142     
  -36.4589276288923     
  -63.7414123157492     
   11.5128225827234     
  -3.70072011546779     
  -11.0204349639677     
   17.2197013392543     
   27.9700874711010     
  -21.2401198572104     
  -37.9184365988792     
   63.8176316289013     
   98.6310264463484     
  -1.78136496964293     
  -16.9237021046738     
   69.6101118720727     
  -26.4554158664615     
   36.4185043375851     
  -30.2696152682725     
  -42.2792927611604     
  -122.946895643060     
  -46.8253614814914     
  -29.4282400907517     
  -58.0382723562121     
  -5.44315121032828     
   90.6678683970339     
   13.3015588861148     
  -21.9043615084680     
  -11.7210287628378     
   4.44874032971294     
   1.01636636791024     
   129.864484884120     
   30.0970775050820     
  -57.3245913391057     
   10.2285668311195     
  -49.9265224498645     
   83.1507611236625     
   19.8408960918035     
  -32.0427488752584     
  -8.97039190427748     
   82.0579208986683     
  -7.89368063827534     
  -12.3009965231739     
  -20.8186111638185     
  -9.79751984895069     
  0.299922643574426     
   65.5767046601280     
  -31.0049024258064     
  -40.2302799268286     
  -19.2139309763600     
   63.4125453322588     
  -27.9918237428545     
   36.3731704946350     
  -5.62978163660761     
  -10.1848722304269     
  -18.0537708969683     
   5.70107693438693     
  -54.0891511080517     
  -21.7131846096831     
   3.95194779552457     
   53.7241977016193     
  -28.3838768315078     
   50.4198339291915     
   32.3461251088279     
  -23.4145602433263     
  -32.2651144750115     
   16.1799370183971     
  -46.8345919025033     
   31.8007026087171     
  -27.5413777827854     
  -47.8186890149772     
   134.091935316504     
   54.5817919540361     
   12.1316523147159     
   25.9345070053182     
   3.26434743853369     
   36.2600597407804     
   4.64136412044147     
   3.30191235428763     
   44.7218851961046     
   52.9779268611498     
   8.67842462006777     
  -18.6107306432196     
  -35.8755519267319     
  -143.535432045328     
  -2.83138070832532     
  -31.3356114548487     
   43.7156668419829     
  -18.7820233714308     
   64.5111209909494     
   26.7783497187934     
   45.1182068756689     
  -166.666616844887     
   38.5895744695800     
   99.7056630764921     
  0.634707933373567     
   43.9189476982513     
  -118.155048609266     
  -25.8793004544067     
  -40.0043294197685     
   45.6683757852275     
   84.3925596783821     
   13.2530271291062     
  -8.84788666887656     
  -34.3565146331087     
   29.8634892040511     
   40.0864233169712     
  -6.83924250637801     
   44.7713798683810     
   83.1760459406195     
   27.2600415511370     
   25.4148854666130     
   14.7252889901799     
  -69.3029199080263     
  -10.3777412625883     
   3.51370232731438     
  -35.6936750091678     
   5.77727423035185     
  -30.7958196990414     
   6.90811057106212     
   43.3366595517614     
  -49.9548942934509     
   40.5712275001594     
   6.46895252448674     
   63.8806181402260     
  -3.64679548157183     
  -79.3005762459723     
   40.8066334421224     
  -2.60099662781193     
   24.0422868869650     
   156.880815148125     
   69.0675322495787     
  -9.86529802334967     
   102.242045955285     
   27.3204068591682     
  -57.7936056892048     
   14.0232734212891     
  -27.9780078938822     
   61.3606022826317     
   23.9369519530465     
  -42.6566239781797     
  -88.2376391098158     
   22.4223637072890     
   10.1917034510516     
   62.9189386810179     
  7.702605033390426E-025
 -4.447491612245313E-025
  1.511801390230522E-024
  9.160443582106699E-026
 -3.087367714638862E-025
 -3.934693851576243E-025
  -11.7061110897133     
   19.2202614387967     
   36.1185486092050     
  -23.8151616357301     
  -66.2130140708071     
   14.2823726046692     
   71.3069162254471     
   4.54039619211566     
   2.96013356118725     
  -18.1990094279453     
   1.99102680850360     
   7.36891174839096     
  -1.78418886423463     
   4.44730625841202     
   35.2305577465008     
  -4.32021596558929     
  -13.6188133304320     
   7.88617774692628     
  -58.3613397045027     
   71.7400741036795     
   15.9844473251168     
   1.34558211832214     
  -25.0558284742993     
   46.0303643481672     
   20.4411643485372     
  -16.9720581614140     
  -63.4642441694244     
   16.4598133563186     
   23.3155906630038     
  -33.7637468743429     
   26.9558790564479     
  -44.2523036232438     
   50.7365561570106     
   24.3076134946806     
   65.3547038537661     
  -17.3991823820802     
 -3.475769014201816E-026
 -8.896589163580947E-026
 -4.335649660875649E-026
 -2.535375802347106E-025
  1.803451536582629E-026
  -2.26442590935324     
  -1.24925648498741     
   13.8986508212764     
  -2.06424090087977     
  -35.8833054504004     
  -6.05045722207458     
  -68.2818627568913     
  -11.3780321904655     
   11.5119234328264     
  -13.6467972300930     
   9.92157711425299     
  -47.4423729639399     
  -32.1392620912728     
   17.9986832307881     
  -17.5290153759065     
   5.66366384374847     
   10.0321475775065     
  -26.9987109483654     
   54.7545844642291     
   26.9275052980892     
  -19.4827442798522     
   2.84718400751101     
 -0.925267904464590     
  -24.5884556881174     
   8.90958130023434     
   7.71759362819169     
  -2.28393539300635     
   7.85959489771086     
  -21.1025800001704     
 -1.158617862405434E-031
 -2.024128243438999E-031
  2.745629653586820E-031
  -2.83600904205402     
  -1.80815651338150     
  -29.2822625578740     
  -12.1742021682124     
  -24.6786234705193     
   5.86143217988082     
  -5.58495179366701     
  -6.92568860878942     
   31.0567336980580     
  -8.53650263691474     
  -11.5976177928465     
  -1.65797714239977     
   18.4501025803062     
   4.05507963290059     
   19.6662065900547     
  -16.9288088242120     
   21.6383167474855     
  -22.1861822185783     
  1.283616797023558E-035
 -2.060669724448133E-035
  -6.56067948106066     
   7.05896009646335     
  -9.99719212098480     
   1.59107270817222     
   5.52235432338377     
  -3.65133696842781     
  -12.1000069395502     
  -1.12441487999150     
   35.1770858525885     
   1.35452680245310     
   3.40727419871539     
  5.527362344853440E-035
  8.013711837387656E-037
  8.288436284656524E-035
 -1.088817078935172E-035
  1.797091579735960E-035
  1.019278718900498E-035
  7.548135236916786E-037
 -2.980919735068851E-037
  -4.83784526910777     
   14.3784579615595     
   2.40812175506064     
  -2.07383407330887     
  -17.0690874528586     
   31.4943417524130     
  -8.40214383358830     
   34.1029133174753     
  -56.9300446556140     
  -25.1923174686100     
  -16.9789269707113     
  -2.73594753548277     
  -26.4101064324542     
  0.624959395639729     
   1.43265246861842     
  -6.60135489209012     
   14.9145154662431     
  -10.9320787973954     
  -8.30778228854344     
   3.68195423495357     
  -63.7367546274428     
  -40.0170628183228     
   17.7954304572220     
   32.9994217831671     
  -25.9172359340408     
  -1.36364468328980     
   136.913467456080     
   4.31303366975397     
  -78.4329108831437     
  -54.2024010142669     
  -41.4041334371689     
  -11.5053713589072     
   59.3209355483498     
   23.9910828858975     
  -151.211538698835     
   55.3344673381039     
  -42.0008327631138     
  -38.5048132904343     
   2.77727864612973     
  -17.1295460888636     
  -25.3257166546351     
  -16.3787239437085     
   18.8809270936216     
   8.65268805326411     
   2.21412776412223     
  -15.9717895206263     
  -42.8007250730596     
  1.762372738818398E-046
 -1.517612986216014E-046
  -21.2879280280564     
  -31.8836530135585     
 -7.666351712424669E-051
  1.356061560437176E-050
   38.3600209221293     
  -11.4301012821815     
 -9.246718424898603E-051
  3.654842155875137E-051
   10.5824609935180     
   6.73792787444485     
  6.458620723695541E-064
 -1.544874041545018E-062
   15.6286006989866     
  -13.3095839618136     
  3.278164338378222E-067
  6.873021846239447E-068
  0.214609391098413     
 -0.515595818435524     
  6.380156842325279E-084
  1.261556297684305E-084
   39.7880119188308     
   36.4963882251248     
  0.000000000000000E+000
