  0.000000000000000E+000
   27.7346297290059     
  8.293946702327545E-007
  4.803308633722569E-007
  2.309918091081828E-007
  2.469095323506691E-007
   70.4321578364143     
   43.2257240885788     
  -97.3085074997672     
 -9.671367745825260E-008
  8.883114711982186E-008
  -12.8841135307227     
  -17.8951915056033     
 -5.637431575525590E-008
 -7.414746971022464E-008
  -9.61027073293870     
   3.46098621719315     
  -26.1857102531178     
  2.282346086435916E-008
   125.679573751038     
  1.920909085971120E-009
  -29.2318313974894     
 -3.974708713503063E-009
  2.413305897228169E-009
   21.6691176155914     
   17.4249924262146     
  -256.767429715354     
  1.011361237851572E-009
  1.201990999626208E-009
 -8.636837545109612E-010
  2.015976020093693E-009
  -274.903022616701     
   76.5277524329958     
  -148.196400125313     
   211.642924242186     
 -1.451883430403014E-009
   364.717871605578     
   97.5864745503219     
  -83.1184824465626     
   133.701744802971     
   123.997120249326     
   17.4715183477625     
  6.343885041077248E-010
  1.516895548889719E-010
   104.494220601218     
   90.6604795498932     
   168.770204570412     
  -163.664574544761     
  -13.0356546283208     
  -72.4920428309825     
  -95.3857199465487     
  -15.5303739097056     
  -7.07804194122548     
  -26.8097347618921     
  -132.753601954437     
  -24.5065312811220     
  -7.81860326077702     
   41.6242932757375     
   80.7470228668912     
  -96.3793918114441     
 -8.878905657484883E-011
 -8.662777669292085E-011
   5.48811224835801     
  -15.3402439741536     
  -95.5832996702911     
   201.993063126453     
  -181.224912072226     
  -1.46340896515876     
  -108.567472880890     
   141.258681360912     
  3.163895299282358E-011
   29.1629273320276     
  5.401437034970795E-011
  -119.034352590480     
 -2.924048541686867E-011
  -69.0971855507820     
 -9.976481603550837E-011
  1.290547022657179E-010
  -105.706215083702     
  -176.323943184557     
  -24.6179329215379     
  -67.5375460789675     
  -187.097855883663     
  -40.0303495930620     
  -7.20627692368232     
  -134.419558277449     
   102.115115299976     
   4.29870861556540     
   41.6266816218657     
   367.364199855322     
   200.685228596714     
  -146.483891548489     
   42.9700176233220     
   332.442027074223     
  -248.684394852486     
   145.811375928308     
   73.9142940925627     
  -284.750468683445     
  -15.2399336500291     
   533.679961317378     
 -1.039482786421322E-011
   27.2452366301644     
  5.373460542070072E-012
 -9.333961101892473E-012
   163.414023397533     
   284.326917609579     
  7.119687380539709E-012
 -6.401716337602885E-011
   59.2046438059705     
  -14.2169270930058     
   21.3471286115787     
 -6.482097100775254E-012
 -4.597509455433303E-013
  -54.2149904967778     
   13.1759299642412     
   66.8882503165079     
  1.951024603263587E-011
  -444.391463699544     
 -1.862093962809462E-011
   169.360416263447     
  2.393433642030114E-011
  1.428947125380231E-011
  -26.2659340167023     
  -270.166876535443     
  7.979225942022161E-012
  -376.746706970113     
  8.940671672945596E-012
  5.672158779096343E-012
   40.3830010562237     
   319.947471118782     
  -57.8217368336918     
 -2.513322574185508E-012
 -2.313996604018416E-012
 -3.122511619010621E-012
  8.886731467539041E-012
   192.641922892394     
  -190.668243802245     
   45.5264434390887     
   270.480555022909     
  -395.576076139057     
  -127.282435044558     
  -322.896798581839     
   149.480976529428     
  -122.234276243487     
  -153.632016535691     
  -409.788912535025     
 -4.352542984003279E-013
  -262.230114999023     
  -44.4048886159802     
   517.579379704347     
  -153.399205622435     
  -475.847518451643     
   163.441012698145     
  -358.091329926182     
   16.1248284537813     
   14.1675594445308     
   75.0573280270972     
   16.8014312635275     
  -212.857479212311     
   58.3957723050020     
  -267.074314185808     
  -332.708164568022     
  -151.617860947979     
   365.288151720848     
   276.740754636274     
  -59.3269996504396     
  -32.3458599775511     
  -118.896148474435     
   114.792506743371     
   87.6752777529457     
   252.374457658499     
  -250.402463175826     
  -164.482868870035     
  -361.110079983465     
  -306.349460396350     
   186.004972354610     
   392.311897007712     
   538.484257900895     
   104.318102326609     
   250.210694742194     
  -114.978905210409     
   243.144976724429     
  -496.205948729702     
   217.769601291904     
  -16.2586276041403     
   358.953766438648     
 -6.849538852976131E-013
  2.740336304429296E-012
  -232.777829142064     
  -68.1438064290830     
   1.67034820577306     
  -41.9218825458364     
   122.353769896654     
   95.3083445289727     
  -204.939517288609     
   40.0553820328379     
  -171.966098360518     
  -144.558032540095     
   35.4014914344956     
   243.478277762252     
   47.0125359907767     
  -251.474475739726     
  -144.886086831662     
   16.3629984691796     
   80.9267890765391     
  -280.740139123354     
   22.4298472298891     
  -7.10495943946006     
  -196.219455121462     
  -307.552250243778     
 -3.110890541042662E-012
   20.1044594506070     
   117.598053240572     
  -71.2687418622066     
  -143.027703936361     
   267.984418540874     
   310.887013556160     
  -218.899735730338     
 -6.133361829008115E-013
  -19.0540467088961     
 -1.399894777951996E-012
  -148.402422051991     
  5.721846187156281E-013
   77.7229916621518     
 -2.480540045323965E-012
   173.921217491411     
  -166.394839567431     
   65.8965806596032     
   225.373996031780     
  -60.1588699762476     
  -8.67023011484906     
   115.559131908403     
  -401.012849202671     
   86.9218238391696     
   91.8314162370652     
  0.192201290114951     
  -3.57095601484914     
   90.3489355855346     
   273.171860699414     
   97.7453425306363     
  -116.046283825978     
  -249.628079847349     
  -25.9849964503130     
  -62.5898805097128     
   367.460166124647     
  -331.411503112967     
   655.969883410818     
  -280.172319254268     
   280.686041957374     
  -32.7651879386931     
   101.393310472282     
   16.1266419053507     
   415.878315245158     
  -393.673096030904     
  -687.113826959360     
  -71.0543048846704     
  -170.146519196401     
   75.5600817429683     
  -125.489155432399     
   154.904080350724     
   247.139267409261     
   146.274340888006     
   104.747212753462     
   149.634401728665     
   198.536116924665     
   269.024545203382     
   91.7613758437960     
  -104.741478331774     
  -125.480823788844     
   34.1868460462844     
  -45.7259446959383     
  -301.449635909287     
  -52.4307146592962     
 -0.257320578267894     
  -266.287029228562     
  -201.729538873463     
  -282.745077210183     
   86.2331017086590     
  -107.455203933972     
   9.09802282303758     
   362.126460629345     
  -49.5967888332142     
  -110.671679833937     
  -41.9520201769387     
  -112.265469860454     
  -85.1548362533429     
   107.812751994595     
   530.219115129088     
  -440.701958389148     
   161.288840273225     
  -27.1199756058073     
  -57.5982053886588     
  -24.8385122323320     
  -27.1906876487271     
  -105.383631660844     
   305.406959967284     
   199.605955059413     
  -5.63622376926461     
   388.239697068872     
  -469.263149856459     
  -59.5180000454102     
  -168.417850690971     
  -94.2994586785341     
   129.308842135410     
   194.405962312241     
   24.6098958289429     
  -125.095425862328     
 -1.379091588315356E-013
  -200.623630302518     
   128.974340123400     
   94.7397514081097     
 -2.341487290797670E-013
  -293.214501707458     
  -63.4958300998676     
  -215.881543914941     
   153.360090865582     
   290.389856935958     
  -20.2509844011883     
   31.6017111240616     
  -544.327469636121     
  -539.132352014031     
 -1.787604197509977E-013
  -297.747065853458     
  -119.813372362379     
  2.782262588766654E-013
  1.933165017316656E-013
  -178.005751829901     
   6.58475344478466     
  -233.455977400848     
  -45.8284509232844     
  -107.136114144168     
  -15.0268719767677     
   182.712102549670     
   551.636658768865     
   743.228023268379     
   10.6723162105675     
   35.9553456701032     
  -297.852481566331     
   48.9989314590359     
   25.1787566807440     
  -76.1041443843176     
   95.2894712051174     
  -23.8956531352027     
   81.0966015565411     
  6.137323472884129E-014
  5.467226664009326E-015
  -149.503308380258     
   280.495950032810     
  -43.9082824760519     
  -3.31038154217432     
 -0.984823032223218     
   127.333366541187     
 -8.182525431794079E-015
 -2.574025810727187E-014
  -140.319074438887     
  -405.186777442205     
   25.7901749333665     
   133.707521669977     
   170.710030937641     
   94.3855257795352     
   23.3834087906138     
   76.0815265501137     
  -5.78934818230920     
  -82.1507094124398     
   139.489846611825     
  -259.334981696334     
  -108.093744899011     
  -62.6192849454601     
   36.0456681850055     
   293.325526511738     
   50.3029856572700     
  -146.402265432870     
  -34.5780136563780     
  -234.634111231786     
  -10.1249731851684     
  -153.285752880372     
 -1.016180577436028E-025
 -1.512382203333041E-025
   10.5788332418716     
   80.9921489416119     
   31.9501516129224     
   362.954052189118     
  -195.627235274892     
  -63.9540896804384     
  -833.313561536171     
  -36.1274399409405     
  -58.8451955062970     
  -53.7066384621994     
  -19.1759233651847     
  -8.34215745391330     
 -4.255032984080623E-026
   157.579051684873     
  -385.383566389429     
   223.089146522120     
  1.030191419647831E-025
   100.786399785717     
 -2.184818531193811E-025
   342.589437123913     
 -1.023538530427990E-025
   75.5529205110578     
 -1.358184036860738E-025
   188.321092575991     
  8.629158488086386E-026
   30.3629063313671     
  1.146500327462863E-025
  1.384514739531944E-026
  -3.25152092706159     
   74.7580006546503     
   4.47070222258822     
   69.1065448763193     
   8.70126089412120     
  -66.8157548809695     
  -13.6825502956788     
  -170.478864418835     
  -20.2403032289928     
   193.371166748847     
  -21.3404017387674     
   34.5339410379044     
   33.0359107918108     
   146.925552397945     
   58.5279499103540     
  -16.8816431619054     
  -131.910167772670     
   46.8244710438422     
  -21.6858811290302     
  -265.381084859883     
   49.0293829698446     
  -411.642035858701     
  -10.5969503922786     
   322.872642659220     
  -382.483623391275     
   554.235559418812     
  -25.1187513013190     
  -1212.28614789681     
   103.771342676053     
   438.829035932089     
   499.345439887345     
 -1.452575540757425E-036
  -34.1281816926595     
 -1.370848133735587E-035
  -275.288524156608     
  1.637056908019073E-035
   366.460070341910     
  2.330470144261044E-035
  1.508079291082378E-035
   508.371585909877     
   483.959391976293     
  -5.83052176086981     
  -46.7503454783066     
  -114.590115183569     
   100.286961906387     
  -31.5223916271239     
   414.889196467217     
  -35.2751554293656     
   16.7219006767267     
   181.888436338997     
   175.644046078886     
   22.4650508846369     
  -196.722450951734     
  -385.473580081291     
   223.253088884837     
  -487.314911517268     
  -103.613346068037     
  -60.3901409488647     
  -375.010459136176     
   32.6074336325116     
   39.3859888014847     
  -99.5970858135049     
   102.696728370884     
  -1.78032470656346     
  -237.664723991986     
 -2.108679743548753E-037
  -47.9004557981632     
 -1.307194929827146E-037
  9.704314632011176E-038
   88.0538518240863     
  2.159679069267604E-037
  2.666552804333369E-037
  -315.148919994590     
  -247.016669584974     
  1.359431051689380E-037
 -1.048861260592690E-039
  -56.7772981355526     
   244.291258192936     
  -99.1325297443631     
 -1.418618897817058E-039
 -4.905405020678251E-040
   58.3466960610357     
   98.3612766604169     
   96.4463620264034     
  2.800082465284487E-040
   69.4789020861604     
  -63.3109857724776     
 -6.826565247272872E-040
 -3.851875155092312E-040
  -37.7285149327784     
   28.0131798579069     
   2.36557750011960     
  1.307852248989977E-056
   333.325774739844     
 -2.201189229389059E-054
  -128.882597453091     
  4.099664553663463E-054
 -1.756607819519947E-055
   5.28579791981086     
   1252.68594417573     
  5.706994831799556E-056
   345.409754044447     
 -5.431544193604659E-057
 -4.302925335069213E-056
  -4.15140333890231     
   272.314299583781     
   43.0398169102847     
  3.755293586603453E-071
   154.419667282153     
  1.884766492201090E-072
 -6.004605020479248E-072
  -24.3446375354954     
  -47.3853389692893     
   80.5975301447290     
  0.000000000000000E+000
  0.000000000000000E+000
  0.000000000000000E+000
  0.000000000000000E+000
