   1.0000000000
   0.0000000000
  13.0000000000
   8.0000000000
  18.0000000000
   2.0000000000
   0.0000000000
   0.0000000000
   0.0000000000
 104.0000000000
  15.0000000000
   0.0000000000
   0.0000000000
 234.0000000000
 144.0000000000
   0.0000000000
   0.0000000000
   0.0000000000
  77.0000000000
   0.0000000000
  26.0000000000
   0.0000000000
  36.0000000000
  16.0000000000
   0.0000000000
   0.0000000000
   0.0000000000
 169.0000000000
  34.0000000000
 170.0000000000
   4.0000000000
   0.0000000000
   0.0000000000
   0.0000000000
   0.0000000000
 195.0000000000
   0.0000000000
   0.0000000000
   0.0000000000
   0.0000000000
   0.0000000000
   0.0000000000
1872.0000000000
 270.0000000000
   0.0000000000
   0.0000000000
   0.0000000000
   0.0000000000
   0.0000000000
   0.0000000000
   0.0000000000
   0.0000000000
   0.0000000000
   0.0000000000
   0.0000000000
   0.0000000000
   0.0000000000
   0.0000000000
   0.0000000000
   0.0000000000
1001.0000000000
 616.0000000000
   0.0000000000
   0.0000000000
   0.0000000000
   0.0000000000
   0.0000000000
   0.0000000000
   0.0000000000
   0.0000000000
 468.0000000000
   0.0000000000
 154.0000000000
   0.0000000000
 208.0000000000
   0.0000000000
 288.0000000000
  30.0000000000
   0.0000000000
   0.0000000000
   0.0000000000
   0.0000000000
   0.0000000000
   0.0000000000
   0.0000000000
   0.0000000000
   0.0000000000
   0.0000000000
   0.0000000000
   0.0000000000
   0.0000000000
   0.0000000000
   0.0000000000
   0.0000000000
   0.0000000000
   0.0000000000
   0.0000000000
   0.0000000000
   0.0000000000
   0.0000000000
1352.0000000000
   0.0000000000
 442.0000000000
 120.0000000000
   0.0000000000
   0.0000000000
3042.0000000000
 612.0000000000
   0.0000000000
   0.0000000000
   0.0000000000
2210.0000000000
1360.0000000000
   0.0000000000
   0.0000000000
   0.0000000000
1386.0000000000
   0.0000000000
 338.0000000000
   0.0000000000
 340.0000000000
  68.0000000000
   0.0000000000
   0.0000000000
  52.0000000000
   0.0000000000
  72.0000000000
  32.0000000000
   0.0000000000
   0.0000000000
   0.0000000000
2197.0000000000
 152.0000000000
1674.0000000000
   8.0000000000
   0.0000000000
   0.0000000000
   0.0000000000
   0.0000000000
   0.0000000000
   0.0000000000
   0.0000000000
   0.0000000000
   0.0000000000
   0.0000000000
   0.0000000000
3510.0000000000
   0.0000000000
   0.0000000000
   0.0000000000
   0.0000000000
   0.0000000000
   0.0000000000
   0.0000000000
   0.0000000000
   0.0000000000
   0.0000000000
   0.0000000000
   0.0000000000
   0.0000000000
   0.0000000000
   0.0000000000
   0.0000000000
   0.0000000000
   0.0000000000
   0.0000000000
   0.0000000000
   0.0000000000
   0.0000000000
   0.0000000000
   0.0000000000
   0.0000000000
   0.0000000000
   0.0000000000
   0.0000000000
   0.0000000000
   0.0000000000
   0.0000000000
   0.0000000000
   0.0000000000
   0.0000000000
   0.0000000000
   0.0000000000
   0.0000000000
   0.0000000000
   0.0000000000
8008.0000000000
1155.0000000000
   0.0000000000
   0.0000000000
   0.0000000000
   0.0000000000
   0.0000000000
   0.0000000000
   0.0000000000
   0.0000000000
   0.0000000000
   0.0000000000
   0.0000000000
   0.0000000000
   0.0000000000
   0.0000000000
   0.0000000000
   0.0000000000
   0.0000000000
   0.0000000000
   0.0000000000
   0.0000000000
   0.0000000000
   0.0000000000
2002.0000000000
   0.0000000000
   0.0000000000
   0.0000000000
   0.0000000000
   0.0000000000
   0.0000000000
   0.0000000000
3744.0000000000
   0.0000000000
1232.0000000000
   0.0000000000
 390.0000000000
   0.0000000000
 540.0000000000
   0.0000000000
   0.0000000000
   0.0000000000
   0.0000000000
   0.0000000000
   0.0000000000
   0.0000000000
   0.0000000000
   0.0000000000
   0.0000000000
   0.0000000000
   0.0000000000
   0.0000000000
   0.0000000000
   0.0000000000
   0.0000000000
   0.0000000000
   0.0000000000
   0.0000000000
   0.0000000000
   0.0000000000
   0.0000000000
   0.0000000000
   0.0000000000
   0.0000000000
   0.0000000000
   0.0000000000
   0.0000000000
   0.0000000000
   0.0000000000
   0.0000000000
   0.0000000000
   0.0000000000
   0.0000000000
   0.0000000000
   0.0000000000
   0.0000000000
   0.0000000000
   0.0000000000
   0.0000000000
   0.0000000000
   0.0000000000
   0.0000000000
   0.0000000000
   0.0000000000
   0.0000000000
   0.0000000000
   0.0000000000
   0.0000000000
   0.0000000000
   0.0000000000
   0.0000000000
   0.0000000000
   0.0000000000
   0.0000000000
   0.0000000000
   0.0000000000
   0.0000000000
   0.0000000000
   0.0000000000
   0.0000000000
   0.0000000000
   0.0000000000
   0.0000000000
   0.0000000000
   0.0000000000
   0.0000000000
   0.0000000000
   0.0000000000
   0.0000000000
   0.0000000000
   0.0000000000
   0.0000000000
   0.0000000000
   0.0000000000
   0.0000000000
   0.0000000000
   0.0000000000
   0.0000000000
   0.0000000000
   0.0000000000
   0.0000000000
2535.0000000000
   0.0000000000
   0.0000000000
   0.0000000000
1560.0000000000
   0.0000000000
   0.0000000000
   0.0000000000
   0.0000000000
   0.0000000000
   0.0000000000
   0.0000000000
   0.0000000000
   0.0000000000
***************
   0.0000000000
   0.0000000000
7956.0000000000
2160.0000000000
   0.0000000000
   0.0000000000
   0.0000000000
   0.0000000000
   0.0000000000
   0.0000000000
   0.0000000000
   0.0000000000
   0.0000000000
   0.0000000000
   0.0000000000
   0.0000000000
   0.0000000000
   0.0000000000
   0.0000000000
   0.0000000000
   0.0000000000
   0.0000000000
***************
2618.0000000000
   0.0000000000
   0.0000000000
   0.0000000000
   0.0000000000
   0.0000000000
   0.0000000000
***************
2550.0000000000
   0.0000000000
   0.0000000000
   0.0000000000
   0.0000000000
   0.0000000000
   0.0000000000
   0.0000000000
   0.0000000000
   0.0000000000
   0.0000000000
   0.0000000000
   0.0000000000
   0.0000000000
   0.0000000000
   0.0000000000
   0.0000000000
   0.0000000000
   0.0000000000
   0.0000000000
   0.0000000000
   0.0000000000
   0.0000000000
***************
***************
   0.0000000000
   0.0000000000
   0.0000000000
   0.0000000000
   0.0000000000
   0.0000000000
   0.0000000000
   0.0000000000
   0.0000000000
   0.0000000000
   0.0000000000
   0.0000000000
6084.0000000000
   0.0000000000
   0.0000000000
   0.0000000000
4420.0000000000
   0.0000000000
2772.0000000000
   0.0000000000
2704.0000000000
   0.0000000000
2720.0000000000
   0.0000000000
 884.0000000000
   0.0000000000
1224.0000000000
 240.0000000000
   0.0000000000
   0.0000000000
   0.0000000000
   0.0000000000
   0.0000000000
   0.0000000000
   0.0000000000
   0.0000000000
   0.0000000000
   0.0000000000
   0.0000000000
   0.0000000000
   0.0000000000
   0.0000000000
   0.0000000000
   0.0000000000
   0.0000000000
   0.0000000000
   0.0000000000
   0.0000000000
   0.0000000000
   0.0000000000
   0.0000000000
   0.0000000000
   0.0000000000
   0.0000000000
   0.0000000000
   0.0000000000
   0.0000000000
   0.0000000000
   0.0000000000
 936.0000000000
   0.0000000000
 308.0000000000
   0.0000000000
 416.0000000000
   0.0000000000
 576.0000000000
  60.0000000000
   0.0000000000
   0.0000000000
   0.0000000000
   0.0000000000
   0.0000000000
   0.0000000000
   0.0000000000
   0.0000000000
   0.0000000000
   0.0000000000
   0.0000000000
   0.0000000000
   0.0000000000
   0.0000000000
   0.0000000000
   0.0000000000
   0.0000000000
   0.0000000000
   0.0000000000
   0.0000000000
   0.0000000000
   0.0000000000
   0.0000000000
   0.0000000000
   0.0000000000
   0.0000000000
***************
   0.0000000000
5746.0000000000
 225.0000000000
   0.0000000000
1976.0000000000
 510.0000000000
   0.0000000000
   0.0000000000
***************
2736.0000000000
   0.0000000000
   0.0000000000
   0.0000000000
***************
5780.0000000000
   0.0000000000
   0.0000000000
   0.0000000000
5929.0000000000
   0.0000000000
   0.0000000000
***************
***************
   0.0000000000
   0.0000000000
   0.0000000000
***************
   0.0000000000
4394.0000000000
   0.0000000000
3348.0000000000
 304.0000000000
   0.0000000000
   0.0000000000
 676.0000000000
   0.0000000000
 680.0000000000
 136.0000000000
   0.0000000000
   0.0000000000
   0.0000000000
 104.0000000000
   0.0000000000
 144.0000000000
  64.0000000000
   0.0000000000
   0.0000000000
   0.0000000000
***************
 706.0000000000
***************
  16.0000000000
   0.0000000000
   0.0000000000
   0.0000000000
   0.0000000000
   0.0000000000
   0.0000000000
   0.0000000000
   0.0000000000
   0.0000000000
   0.0000000000
   0.0000000000
   0.0000000000
   0.0000000000
   0.0000000000
   0.0000000000
   0.0000000000
   0.0000000000
   0.0000000000
   0.0000000000
   0.0000000000
   0.0000000000
   0.0000000000
   0.0000000000
   0.0000000000
   0.0000000000
   0.0000000000
   0.0000000000
   0.0000000000
   0.0000000000
   0.0000000000
   0.0000000000
   0.0000000000
   0.0000000000
   0.0000000000
   0.0000000000
   0.0000000000
   0.0000000000
   0.0000000000
   0.0000000000
   0.0000000000
   0.0000000000
   0.0000000000
   0.0000000000
   0.0000000000
   0.0000000000
   0.0000000000
   0.0000000000
   0.0000000000
   0.0000000000
   0.0000000000
   0.0000000000
   0.0000000000
   0.0000000000
   0.0000000000
   0.0000000000
   0.0000000000
   0.0000000000
   0.0000000000
   0.0000000000
   0.0000000000
   0.0000000000
   0.0000000000
***************
   0.0000000000
   0.0000000000
   0.0000000000
   0.0000000000
   0.0000000000
   0.0000000000
   0.0000000000
   0.0000000000
   0.0000000000
   0.0000000000
   0.0000000000
   0.0000000000
   0.0000000000
   0.0000000000
   0.0000000000
   0.0000000000
   0.0000000000
   0.0000000000
   0.0000000000
   0.0000000000
   0.0000000000
   0.0000000000
   0.0000000000
   0.0000000000
   0.0000000000
   0.0000000000
   0.0000000000
   0.0000000000
   0.0000000000
   0.0000000000
   0.0000000000
   0.0000000000
   0.0000000000
   0.0000000000
   0.0000000000
   0.0000000000
   0.0000000000
   0.0000000000
   0.0000000000
   0.0000000000
   0.0000000000
   0.0000000000
   0.0000000000
   0.0000000000
   0.0000000000
   0.0000000000
   0.0000000000
   0.0000000000
   0.0000000000
   0.0000000000
   0.0000000000
   0.0000000000
   0.0000000000
***************
   0.0000000000
   0.0000000000
   0.0000000000
   0.0000000000
   0.0000000000
   0.0000000000
   0.0000000000
7020.0000000000
   0.0000000000
2310.0000000000
   0.0000000000
   0.0000000000
   0.0000000000
   0.0000000000
   0.0000000000
   0.0000000000
   0.0000000000
   0.0000000000
   0.0000000000
   0.0000000000
   0.0000000000
   0.0000000000
   0.0000000000
   0.0000000000
   0.0000000000
   0.0000000000
   0.0000000000
   0.0000000000
   0.0000000000
   0.0000000000
   0.0000000000
   0.0000000000
   0.0000000000
   0.0000000000
   0.0000000000
   0.0000000000
   0.0000000000
   0.0000000000
   0.0000000000
   0.0000000000
   0.0000000000
   0.0000000000
   0.0000000000
   0.0000000000
   0.0000000000
   0.0000000000
   0.0000000000
   0.0000000000
   0.0000000000
   0.0000000000
   0.0000000000
   0.0000000000
   0.0000000000
   0.0000000000
   0.0000000000
   0.0000000000
   0.0000000000
   0.0000000000
   0.0000000000
   0.0000000000
   0.0000000000
   0.0000000000
   0.0000000000
   0.0000000000
   0.0000000000
   0.0000000000
   0.0000000000
   0.0000000000
   0.0000000000
   0.0000000000
   0.0000000000
   0.0000000000
   0.0000000000
   0.0000000000
   0.0000000000
   0.0000000000
   0.0000000000
   0.0000000000
   0.0000000000
   0.0000000000
   0.0000000000
   0.0000000000
   0.0000000000
   0.0000000000
   0.0000000000
   0.0000000000
   0.0000000000
   0.0000000000
   0.0000000000
   0.0000000000
   0.0000000000
   0.0000000000
   0.0000000000
   0.0000000000
   0.0000000000
   0.0000000000
   0.0000000000
   0.0000000000
   0.0000000000
   0.0000000000
   0.0000000000
   0.0000000000
   0.0000000000
   0.0000000000
   0.0000000000
   0.0000000000
   0.0000000000
   0.0000000000
   0.0000000000
   0.0000000000
   0.0000000000
   0.0000000000
   0.0000000000
   0.0000000000
   0.0000000000
   0.0000000000
   0.0000000000
   0.0000000000
   0.0000000000
   0.0000000000
   0.0000000000
   0.0000000000
   0.0000000000
   0.0000000000
   0.0000000000
   0.0000000000
   0.0000000000
   0.0000000000
   0.0000000000
   0.0000000000
   0.0000000000
   0.0000000000
   0.0000000000
   0.0000000000
   0.0000000000
   0.0000000000
   0.0000000000
   0.0000000000
   0.0000000000
   0.0000000000
   0.0000000000
   0.0000000000
   0.0000000000
   0.0000000000
   0.0000000000
   0.0000000000
   0.0000000000
   0.0000000000
   0.0000000000
   0.0000000000
   0.0000000000
   0.0000000000
   0.0000000000
   0.0000000000
   0.0000000000
   0.0000000000
   0.0000000000
   0.0000000000
   0.0000000000
   0.0000000000
   0.0000000000
   0.0000000000
   0.0000000000
   0.0000000000
   0.0000000000
   0.0000000000
   0.0000000000
   0.0000000000
   0.0000000000
   0.0000000000
   0.0000000000
   0.0000000000
   0.0000000000
   0.0000000000
   0.0000000000
   0.0000000000
   0.0000000000
   0.0000000000
   0.0000000000
   0.0000000000
   0.0000000000
   0.0000000000
   0.0000000000
   0.0000000000
   0.0000000000
   0.0000000000
   0.0000000000
   0.0000000000
   0.0000000000
   0.0000000000
   0.0000000000
   0.0000000000
   0.0000000000
   0.0000000000
   0.0000000000
   0.0000000000
   0.0000000000
   0.0000000000
   0.0000000000
   0.0000000000
   0.0000000000
   0.0000000000
   0.0000000000
   0.0000000000
   0.0000000000
   0.0000000000
   0.0000000000
   0.0000000000
   0.0000000000
   0.0000000000
   0.0000000000
   0.0000000000
   0.0000000000
   0.0000000000
   0.0000000000
   0.0000000000
   0.0000000000
   0.0000000000
   0.0000000000
   0.0000000000
   0.0000000000
   0.0000000000
   0.0000000000
   0.0000000000
   0.0000000000
   0.0000000000
   0.0000000000
   0.0000000000
   0.0000000000
   0.0000000000
   0.0000000000
   0.0000000000
   0.0000000000
   0.0000000000
   0.0000000000
   0.0000000000
   0.0000000000
   0.0000000000
   0.0000000000
***************
   0.0000000000
   0.0000000000
   0.0000000000
   0.0000000000
   0.0000000000
***************
   0.0000000000
   0.0000000000
   0.0000000000
   0.0000000000
   0.0000000000
   0.0000000000
   0.0000000000
   0.0000000000
   0.0000000000
   0.0000000000
   0.0000000000
   0.0000000000
   0.0000000000
   0.0000000000
   0.0000000000
   0.0000000000
   0.0000000000
   0.0000000000
   0.0000000000
   0.0000000000
   0.0000000000
   0.0000000000
   0.0000000000
   0.0000000000
   0.0000000000
   0.0000000000
   0.0000000000
   0.0000000000
   0.0000000000
   0.0000000000
   0.0000000000
   0.0000000000
   0.0000000000
   0.0000000000
   0.0000000000
   0.0000000000
   0.0000000000
   0.0000000000
   0.0000000000
   0.0000000000
   0.0000000000
   0.0000000000
   0.0000000000
   0.0000000000
   0.0000000000
   0.0000000000
   0.0000000000
   0.0000000000
   0.0000000000
   0.0000000000
   0.0000000000
   0.0000000000
   0.0000000000
   0.0000000000
   0.0000000000
   0.0000000000
   0.0000000000
   0.0000000000
   0.0000000000
   0.0000000000
   0.0000000000
   0.0000000000
   0.0000000000
   0.0000000000
   0.0000000000
   0.0000000000
   0.0000000000
   0.0000000000
   0.0000000000
   0.0000000000
***************
   0.0000000000
***************
9240.0000000000
   0.0000000000
   0.0000000000
   0.0000000000
   0.0000000000
   0.0000000000
   0.0000000000
   0.0000000000
   0.0000000000
   0.0000000000
   0.0000000000
   0.0000000000
   0.0000000000
   0.0000000000
   0.0000000000
   0.0000000000
   0.0000000000
   0.0000000000
   0.0000000000
***************
   0.0000000000
   0.0000000000
   0.0000000000
   0.0000000000
   0.0000000000
   0.0000000000
   0.0000000000
   0.0000000000
   0.0000000000
   0.0000000000
   0.0000000000
   0.0000000000
   0.0000000000
   0.0000000000
   0.0000000000
   0.0000000000
   0.0000000000
   0.0000000000
   0.0000000000
   0.0000000000
   0.0000000000
   0.0000000000
   0.0000000000
   0.0000000000
   0.0000000000
   0.0000000000
   0.0000000000
   0.0000000000
   0.0000000000
   0.0000000000
   0.0000000000
   0.0000000000
   0.0000000000
   0.0000000000
   0.0000000000
   0.0000000000
   0.0000000000
   0.0000000000
   0.0000000000
   0.0000000000
   0.0000000000
   0.0000000000
   0.0000000000
   0.0000000000
   0.0000000000
   0.0000000000
   0.0000000000
   0.0000000000
   0.0000000000
   0.0000000000
   0.0000000000
   0.0000000000
   0.0000000000
   0.0000000000
   0.0000000000
   0.0000000000
   0.0000000000
   0.0000000000
   0.0000000000
   0.0000000000
   0.0000000000
   0.0000000000
   0.0000000000
   0.0000000000
   0.0000000000
   0.0000000000
***************
***************
   0.0000000000
   0.0000000000
   0.0000000000
   0.0000000000
   0.0000000000
   0.0000000000
   0.0000000000
   0.0000000000
   0.0000000000
   0.0000000000
   0.0000000000
   0.0000000000
   0.0000000000
   0.0000000000
   0.0000000000
   0.0000000000
   0.0000000000
   0.0000000000
   0.0000000000
   0.0000000000
   0.0000000000
   0.0000000000
   0.0000000000
   0.0000000000
   0.0000000000
   0.0000000000
   0.0000000000
   0.0000000000
   0.0000000000
   0.0000000000
   0.0000000000
   0.0000000000
   0.0000000000
   0.0000000000
   0.0000000000
   0.0000000000
   0.0000000000
   0.0000000000
   0.0000000000
   0.0000000000
***************
   0.0000000000
   0.0000000000
   0.0000000000
   0.0000000000
   0.0000000000
   0.0000000000
   0.0000000000
   0.0000000000
   0.0000000000
***************
   0.0000000000
   0.0000000000
   0.0000000000
   0.0000000000
   0.0000000000
   0.0000000000
   0.0000000000
   0.0000000000
   0.0000000000
   0.0000000000
***************
   0.0000000000
   0.0000000000
   0.0000000000
***************
   0.0000000000
***************
   0.0000000000
5070.0000000000
   0.0000000000
5100.0000000000
   0.0000000000
   0.0000000000
   0.0000000000
   0.0000000000
   0.0000000000
   0.0000000000
***************
   0.0000000000
5236.0000000000
   0.0000000000
3120.0000000000
   0.0000000000
4320.0000000000
   0.0000000000
   0.0000000000
   0.0000000000
   0.0000000000
   0.0000000000
   0.0000000000
   0.0000000000
   0.0000000000
   0.0000000000
   0.0000000000
   0.0000000000
   0.0000000000
   0.0000000000
   0.0000000000
   0.0000000000
   0.0000000000
   0.0000000000
   0.0000000000
   0.0000000000
   0.0000000000
   0.0000000000
   0.0000000000
   0.0000000000
   0.0000000000
   0.0000000000
   0.0000000000
   0.0000000000
   0.0000000000
   0.0000000000
   0.0000000000
   0.0000000000
   0.0000000000
   0.0000000000
   0.0000000000
   0.0000000000
   0.0000000000
   0.0000000000
   0.0000000000
   0.0000000000
   0.0000000000
   0.0000000000
   0.0000000000
   0.0000000000
   0.0000000000
   0.0000000000
   0.0000000000
   0.0000000000
   0.0000000000
   0.0000000000
   0.0000000000
   0.0000000000
   0.0000000000
   0.0000000000
   0.0000000000
   0.0000000000
   0.0000000000
   0.0000000000
   0.0000000000
   0.0000000000
   0.0000000000
   0.0000000000
   0.0000000000
   0.0000000000
   0.0000000000
   0.0000000000
   0.0000000000
   0.0000000000
   0.0000000000
   0.0000000000
   0.0000000000
   0.0000000000
   0.0000000000
   0.0000000000
   0.0000000000
   0.0000000000
   0.0000000000
   0.0000000000
   0.0000000000
   0.0000000000
   0.0000000000
   0.0000000000
   0.0000000000
   0.0000000000
   0.0000000000
   0.0000000000
   0.0000000000
   0.0000000000
   0.0000000000
   0.0000000000
   0.0000000000
   0.0000000000
   0.0000000000
   0.0000000000
   0.0000000000
   0.0000000000
   0.0000000000
   0.0000000000
   0.0000000000
   0.0000000000
   0.0000000000
   0.0000000000
   0.0000000000
   0.0000000000
   0.0000000000
   0.0000000000
   0.0000000000
   0.0000000000
   0.0000000000
   0.0000000000
   0.0000000000
   0.0000000000
   0.0000000000
   0.0000000000
   0.0000000000
   0.0000000000
   0.0000000000
   0.0000000000
   0.0000000000
   0.0000000000
   0.0000000000
   0.0000000000
   0.0000000000
   0.0000000000
   0.0000000000
   0.0000000000
   0.0000000000
   0.0000000000
   0.0000000000
   0.0000000000
   0.0000000000
   0.0000000000
   0.0000000000
   0.0000000000
   0.0000000000
   0.0000000000
   0.0000000000
   0.0000000000
   0.0000000000
   0.0000000000
   0.0000000000
   0.0000000000
   0.0000000000
   0.0000000000
   0.0000000000
   0.0000000000
   0.0000000000
   0.0000000000
   0.0000000000
   0.0000000000
   0.0000000000
   0.0000000000
   0.0000000000
   0.0000000000
   0.0000000000
   0.0000000000
   0.0000000000
   0.0000000000
   0.0000000000
   0.0000000000
   0.0000000000
   0.0000000000
   0.0000000000
   0.0000000000
   0.0000000000
   0.0000000000
   0.0000000000
   0.0000000000
   0.0000000000
   0.0000000000
   0.0000000000
   0.0000000000
   0.0000000000
   0.0000000000
   0.0000000000
   0.0000000000
   0.0000000000
   0.0000000000
   0.0000000000
   0.0000000000
   0.0000000000
   0.0000000000
   0.0000000000
   0.0000000000
   0.0000000000
   0.0000000000
   0.0000000000
   0.0000000000
4004.0000000000
   0.0000000000
   0.0000000000
   0.0000000000
   0.0000000000
   0.0000000000
   0.0000000000
   0.0000000000
7488.0000000000
   0.0000000000
2464.0000000000
   0.0000000000
 780.0000000000
   0.0000000000
1080.0000000000
   0.0000000000
   0.0000000000
   0.0000000000
   0.0000000000
   0.0000000000
   0.0000000000
   0.0000000000
   0.0000000000
   0.0000000000
   0.0000000000
   0.0000000000
   0.0000000000
   0.0000000000
   0.0000000000
   0.0000000000
   0.0000000000
   0.0000000000
   0.0000000000
   0.0000000000
   0.0000000000
   0.0000000000
   0.0000000000
   0.0000000000
   0.0000000000
   0.0000000000
   0.0000000000
   0.0000000000
   0.0000000000
   0.0000000000
   0.0000000000
   0.0000000000
   0.0000000000
   0.0000000000
   0.0000000000
   0.0000000000
   0.0000000000
   0.0000000000
   0.0000000000
   0.0000000000
   0.0000000000
   0.0000000000
   0.0000000000
   0.0000000000
   0.0000000000
   0.0000000000
   0.0000000000
   0.0000000000
   0.0000000000
   0.0000000000
   0.0000000000
   0.0000000000
   0.0000000000
   0.0000000000
   0.0000000000
   0.0000000000
   0.0000000000
   0.0000000000
   0.0000000000
   0.0000000000
   0.0000000000
   0.0000000000
   0.0000000000
   0.0000000000
   0.0000000000
   0.0000000000
   0.0000000000
   0.0000000000
   0.0000000000
   0.0000000000
   0.0000000000
   0.0000000000
   0.0000000000
   0.0000000000
   0.0000000000
   0.0000000000
   0.0000000000
   0.0000000000
   0.0000000000
   0.0000000000
   0.0000000000
   0.0000000000
   0.0000000000
   0.0000000000
   0.0000000000
   0.0000000000
   0.0000000000
   0.0000000000
   0.0000000000
   0.0000000000
   0.0000000000
   0.0000000000
   0.0000000000
   0.0000000000
   0.0000000000
   0.0000000000
   0.0000000000
   0.0000000000
   0.0000000000
   0.0000000000
   0.0000000000
   0.0000000000
***************
   0.0000000000
   0.0000000000
   0.0000000000
   0.0000000000
***************
   0.0000000000
2925.0000000000
   0.0000000000
   0.0000000000
   0.0000000000
   0.0000000000
6630.0000000000
   0.0000000000
   0.0000000000
   0.0000000000
   0.0000000000
   0.0000000000
   0.0000000000
   0.0000000000
   0.0000000000
   0.0000000000
   0.0000000000
   0.0000000000
   0.0000000000
***************
   0.0000000000
   0.0000000000
***************
4050.0000000000
   0.0000000000
   0.0000000000
***************
9180.0000000000
   0.0000000000
   0.0000000000
   0.0000000000
   0.0000000000
   0.0000000000
   0.0000000000
   0.0000000000
   0.0000000000
   0.0000000000
   0.0000000000
   0.0000000000
   0.0000000000
   0.0000000000
   0.0000000000
   0.0000000000
   0.0000000000
   0.0000000000
   0.0000000000
   0.0000000000
   0.0000000000
   0.0000000000
   0.0000000000
***************
***************
   0.0000000000
   0.0000000000
   0.0000000000
   0.0000000000
   0.0000000000
   0.0000000000
   0.0000000000
   0.0000000000
   0.0000000000
***************
   0.0000000000
   0.0000000000
***************
***************
   0.0000000000
   0.0000000000
   0.0000000000
   0.0000000000
   0.0000000000
   0.0000000000
   0.0000000000
   0.0000000000
   0.0000000000
   0.0000000000
   0.0000000000
   0.0000000000
   0.0000000000
   0.0000000000
   0.0000000000
   0.0000000000
   0.0000000000
   0.0000000000
   0.0000000000
   0.0000000000
   0.0000000000
   0.0000000000
   0.0000000000
   0.0000000000
   0.0000000000
   0.0000000000
   0.0000000000
   0.0000000000
   0.0000000000
   0.0000000000
   0.0000000000
   0.0000000000
   0.0000000000
   0.0000000000
***************
***************
   0.0000000000
   0.0000000000
   0.0000000000
   0.0000000000
***************
***************
   0.0000000000
   0.0000000000
   0.0000000000
   0.0000000000
   0.0000000000
   0.0000000000
   0.0000000000
***************
***************
   0.0000000000
   0.0000000000
   0.0000000000
   0.0000000000
   0.0000000000
   0.0000000000
   0.0000000000
   0.0000000000
   0.0000000000
   0.0000000000
   0.0000000000
   0.0000000000
   0.0000000000
   0.0000000000
   0.0000000000
   0.0000000000
   0.0000000000
   0.0000000000
   0.0000000000
   0.0000000000
   0.0000000000
   0.0000000000
***************
***************
   0.0000000000
   0.0000000000
   0.0000000000
   0.0000000000
   0.0000000000
   0.0000000000
   0.0000000000
   0.0000000000
   0.0000000000
   0.0000000000
   0.0000000000
   0.0000000000
   0.0000000000
   0.0000000000
   0.0000000000
   0.0000000000
***************
   0.0000000000
   0.0000000000
   0.0000000000
***************
   0.0000000000
***************
   0.0000000000
   0.0000000000
***************
   0.0000000000
***************
   0.0000000000
***************
   0.0000000000
***************
   0.0000000000
***************
   0.0000000000
***************
 450.0000000000
   0.0000000000
3952.0000000000
   0.0000000000
5472.0000000000
1020.0000000000
   0.0000000000
   0.0000000000
   0.0000000000
   0.0000000000
   0.0000000000
   0.0000000000
   0.0000000000
   0.0000000000
   0.0000000000
   0.0000000000
   0.0000000000
   0.0000000000
   0.0000000000
   0.0000000000
   0.0000000000
   0.0000000000
   0.0000000000
   0.0000000000
   0.0000000000
   0.0000000000
   0.0000000000
   0.0000000000
   0.0000000000
   0.0000000000
   0.0000000000
   0.0000000000
   0.0000000000
   0.0000000000
   0.0000000000
   0.0000000000
   0.0000000000
   0.0000000000
   0.0000000000
   0.0000000000
   0.0000000000
   0.0000000000
   0.0000000000
   0.0000000000
   0.0000000000
   0.0000000000
   0.0000000000
   0.0000000000
   0.0000000000
   0.0000000000
   0.0000000000
***************
   0.0000000000
   0.0000000000
   0.0000000000
8840.0000000000
   0.0000000000
5544.0000000000
   0.0000000000
5408.0000000000
   0.0000000000
5440.0000000000
   0.0000000000
1768.0000000000
   0.0000000000
2448.0000000000
 480.0000000000
   0.0000000000
   0.0000000000
   0.0000000000
   0.0000000000
   0.0000000000
   0.0000000000
   0.0000000000
   0.0000000000
   0.0000000000
   0.0000000000
   0.0000000000
   0.0000000000
   0.0000000000
   0.0000000000
   0.0000000000
   0.0000000000
   0.0000000000
   0.0000000000
   0.0000000000
   0.0000000000
   0.0000000000
   0.0000000000
   0.0000000000
   0.0000000000
   0.0000000000
   0.0000000000
   0.0000000000
   0.0000000000
   0.0000000000
   0.0000000000
   0.0000000000
   0.0000000000
   0.0000000000
   0.0000000000
   0.0000000000
   0.0000000000
   0.0000000000
   0.0000000000
   0.0000000000
   0.0000000000
1872.0000000000
   0.0000000000
 616.0000000000
   0.0000000000
 832.0000000000
   0.0000000000
1152.0000000000
 120.0000000000
   0.0000000000
   0.0000000000
   0.0000000000
   0.0000000000
   0.0000000000
   0.0000000000
   0.0000000000
   0.0000000000
   0.0000000000
   0.0000000000
   0.0000000000
   0.0000000000
   0.0000000000
   0.0000000000
   0.0000000000
   0.0000000000
   0.0000000000
   0.0000000000
   0.0000000000
   0.0000000000
   0.0000000000
   0.0000000000
   0.0000000000
   0.0000000000
   0.0000000000
   0.0000000000
   0.0000000000
***************
   0.0000000000
***************
   0.0000000000
***************
1800.0000000000
   0.0000000000
9178.0000000000
2280.0000000000
   0.0000000000
   0.0000000000
***************
***************
   0.0000000000
   0.0000000000
   0.0000000000
***************
***************
   0.0000000000
   0.0000000000
   0.0000000000
***************
***************
   0.0000000000
   0.0000000000
   0.0000000000
***************
   0.0000000000
   0.0000000000
***************
***************
   0.0000000000
   0.0000000000
   0.0000000000
***************
   0.0000000000
***************
   0.0000000000
***************
1412.0000000000
   0.0000000000
   0.0000000000
8788.0000000000
   0.0000000000
6696.0000000000
 608.0000000000
   0.0000000000
   0.0000000000
1352.0000000000
   0.0000000000
1360.0000000000
 272.0000000000
   0.0000000000
   0.0000000000
   0.0000000000
 208.0000000000
   0.0000000000
 288.0000000000
 128.0000000000
   0.0000000000
   0.0000000000
   0.0000000000
***************
3368.0000000000
***************
  32.0000000000
   0.0000000000
   0.0000000000
   0.0000000000
   0.0000000000
   0.0000000000
   0.0000000000
   0.0000000000
   0.0000000000
   0.0000000000
   0.0000000000
   0.0000000000
   0.0000000000
   0.0000000000
   0.0000000000
   0.0000000000
   0.0000000000
   0.0000000000
   0.0000000000
   0.0000000000
   0.0000000000
   0.0000000000
   0.0000000000
   0.0000000000
   0.0000000000
   0.0000000000
   0.0000000000
   0.0000000000
   0.0000000000
   0.0000000000
   0.0000000000
   0.0000000000
   0.0000000000
   0.0000000000
   0.0000000000
   0.0000000000
   0.0000000000
   0.0000000000
   0.0000000000
   0.0000000000
   0.0000000000
   0.0000000000
   0.0000000000
   0.0000000000
   0.0000000000
   0.0000000000
   0.0000000000
   0.0000000000
   0.0000000000
   0.0000000000
   0.0000000000
   0.0000000000
   0.0000000000
   0.0000000000
   0.0000000000
   0.0000000000
   0.0000000000
   0.0000000000
   0.0000000000
   0.0000000000
   0.0000000000
   0.0000000000
   0.0000000000
   0.0000000000
   0.0000000000
   0.0000000000
   0.0000000000
   0.0000000000
   0.0000000000
   0.0000000000
   0.0000000000
   0.0000000000
   0.0000000000
   0.0000000000
   0.0000000000
   0.0000000000
   0.0000000000
   0.0000000000
   0.0000000000
   0.0000000000
   0.0000000000
   0.0000000000
   0.0000000000
   0.0000000000
   0.0000000000
   0.0000000000
   0.0000000000
   0.0000000000
   0.0000000000
   0.0000000000
   0.0000000000
   0.0000000000
   0.0000000000
   0.0000000000
   0.0000000000
   0.0000000000
   0.0000000000
   0.0000000000
   0.0000000000
   0.0000000000
   0.0000000000
   0.0000000000
   0.0000000000
   0.0000000000
   0.0000000000
   0.0000000000
   0.0000000000
   0.0000000000
   0.0000000000
   0.0000000000
   0.0000000000
   0.0000000000
   0.0000000000
   0.0000000000
   0.0000000000
   0.0000000000
   0.0000000000
   0.0000000000
   0.0000000000
   0.0000000000
   0.0000000000
   0.0000000000
   0.0000000000
   0.0000000000
   0.0000000000
   0.0000000000
   0.0000000000
   0.0000000000
   0.0000000000
   0.0000000000
   0.0000000000
   0.0000000000
   0.0000000000
   0.0000000000
***************
   0.0000000000
   0.0000000000
   0.0000000000
   0.0000000000
   0.0000000000
   0.0000000000
   0.0000000000
   0.0000000000
   0.0000000000
   0.0000000000
   0.0000000000
   0.0000000000
   0.0000000000
   0.0000000000
   0.0000000000
   0.0000000000
   0.0000000000
   0.0000000000
   0.0000000000
   0.0000000000
   0.0000000000
   0.0000000000
   0.0000000000
   0.0000000000
   0.0000000000
   0.0000000000
   0.0000000000
   0.0000000000
   0.0000000000
   0.0000000000
   0.0000000000
   0.0000000000
   0.0000000000
   0.0000000000
   0.0000000000
   0.0000000000
   0.0000000000
   0.0000000000
   0.0000000000
   0.0000000000
   0.0000000000
   0.0000000000
   0.0000000000
   0.0000000000
   0.0000000000
   0.0000000000
   0.0000000000
   0.0000000000
   0.0000000000
   0.0000000000
   0.0000000000
   0.0000000000
   0.0000000000
   0.0000000000
   0.0000000000
   0.0000000000
   0.0000000000
   0.0000000000
   0.0000000000
   0.0000000000
   0.0000000000
   0.0000000000
   0.0000000000
   0.0000000000
   0.0000000000
   0.0000000000
   0.0000000000
   0.0000000000
   0.0000000000
   0.0000000000
   0.0000000000
   0.0000000000
   0.0000000000
   0.0000000000
   0.0000000000
   0.0000000000
   0.0000000000
   0.0000000000
   0.0000000000
   0.0000000000
   0.0000000000
   0.0000000000
   0.0000000000
   0.0000000000
   0.0000000000
   0.0000000000
   0.0000000000
   0.0000000000
   0.0000000000
   0.0000000000
   0.0000000000
   0.0000000000
   0.0000000000
   0.0000000000
   0.0000000000
   0.0000000000
   0.0000000000
   0.0000000000
   0.0000000000
   0.0000000000
   0.0000000000
   0.0000000000
   0.0000000000
   0.0000000000
   0.0000000000
   0.0000000000
   0.0000000000
   0.0000000000
   0.0000000000
   0.0000000000
   0.0000000000
   0.0000000000
   0.0000000000
   0.0000000000
   0.0000000000
   0.0000000000
   0.0000000000
   0.0000000000
   0.0000000000
   0.0000000000
   0.0000000000
   0.0000000000
   0.0000000000
   0.0000000000
   0.0000000000
   0.0000000000
   0.0000000000
   0.0000000000
   0.0000000000
   0.0000000000
   0.0000000000
   0.0000000000
   0.0000000000
   0.0000000000
   0.0000000000
   0.0000000000
   0.0000000000
   0.0000000000
   0.0000000000
   0.0000000000
   0.0000000000
   0.0000000000
   0.0000000000
   0.0000000000
   0.0000000000
   0.0000000000
   0.0000000000
   0.0000000000
   0.0000000000
   0.0000000000
   0.0000000000
   0.0000000000
   0.0000000000
   0.0000000000
   0.0000000000
   0.0000000000
   0.0000000000
   0.0000000000
   0.0000000000
   0.0000000000
   0.0000000000
   0.0000000000
   0.0000000000
   0.0000000000
   0.0000000000
   0.0000000000
   0.0000000000
   0.0000000000
   0.0000000000
   0.0000000000
   0.0000000000
   0.0000000000
   0.0000000000
   0.0000000000
   0.0000000000
   0.0000000000
   0.0000000000
   0.0000000000
   0.0000000000
   0.0000000000
   0.0000000000
   0.0000000000
   0.0000000000
   0.0000000000
   0.0000000000
   0.0000000000
   0.0000000000
   0.0000000000
   0.0000000000
   0.0000000000
   0.0000000000
   0.0000000000
   0.0000000000
   0.0000000000
   0.0000000000
   0.0000000000
   0.0000000000
   0.0000000000
   0.0000000000
   0.0000000000
   0.0000000000
   0.0000000000
   0.0000000000
   0.0000000000
   0.0000000000
   0.0000000000
   0.0000000000
   0.0000000000
   0.0000000000
   0.0000000000
   0.0000000000
   0.0000000000
   0.0000000000
   0.0000000000
   0.0000000000
   0.0000000000
   0.0000000000
   0.0000000000
   0.0000000000
   0.0000000000
   0.0000000000
   0.0000000000
   0.0000000000
   0.0000000000
   0.0000000000
   0.0000000000
   0.0000000000
   0.0000000000
   0.0000000000
   0.0000000000
   0.0000000000
   0.0000000000
   0.0000000000
   0.0000000000
   0.0000000000
   0.0000000000
   0.0000000000
   0.0000000000
   0.0000000000
   0.0000000000
   0.0000000000
   0.0000000000
   0.0000000000
   0.0000000000
   0.0000000000
   0.0000000000
   0.0000000000
   0.0000000000
   0.0000000000
   0.0000000000
   0.0000000000
   0.0000000000
   0.0000000000
   0.0000000000
   0.0000000000
   0.0000000000
   0.0000000000
   0.0000000000
   0.0000000000
   0.0000000000
   0.0000000000
   0.0000000000
   0.0000000000
   0.0000000000
   0.0000000000
   0.0000000000
   0.0000000000
   0.0000000000
   0.0000000000
   0.0000000000
   0.0000000000
   0.0000000000
   0.0000000000
   0.0000000000
   0.0000000000
   0.0000000000
   0.0000000000
   0.0000000000
   0.0000000000
   0.0000000000
   0.0000000000
   0.0000000000
   0.0000000000
   0.0000000000
   0.0000000000
   0.0000000000
   0.0000000000
   0.0000000000
   0.0000000000
   0.0000000000
   0.0000000000
   0.0000000000
   0.0000000000
   0.0000000000
   0.0000000000
   0.0000000000
   0.0000000000
   0.0000000000
   0.0000000000
   0.0000000000
   0.0000000000
   0.0000000000
   0.0000000000
   0.0000000000
   0.0000000000
   0.0000000000
   0.0000000000
   0.0000000000
   0.0000000000
   0.0000000000
   0.0000000000
   0.0000000000
   0.0000000000
   0.0000000000
   0.0000000000
   0.0000000000
   0.0000000000
   0.0000000000
   0.0000000000
   0.0000000000
   0.0000000000
   0.0000000000
   0.0000000000
   0.0000000000
   0.0000000000
   0.0000000000
   0.0000000000
   0.0000000000
   0.0000000000
   0.0000000000
   0.0000000000
   0.0000000000
   0.0000000000
   0.0000000000
   0.0000000000
   0.0000000000
   0.0000000000
   0.0000000000
   0.0000000000
   0.0000000000
   0.0000000000
   0.0000000000
   0.0000000000
   0.0000000000
   0.0000000000
   0.0000000000
   0.0000000000
   0.0000000000
   0.0000000000
   0.0000000000
   0.0000000000
   0.0000000000
   0.0000000000
   0.0000000000
   0.0000000000
   0.0000000000
   0.0000000000
   0.0000000000
   0.0000000000
   0.0000000000
   0.0000000000
   0.0000000000
   0.0000000000
   0.0000000000
   0.0000000000
   0.0000000000
   0.0000000000
   0.0000000000
   0.0000000000
   0.0000000000
   0.0000000000
   0.0000000000
   0.0000000000
   0.0000000000
   0.0000000000
   0.0000000000
   0.0000000000
   0.0000000000
   0.0000000000
   0.0000000000
   0.0000000000
   0.0000000000
   0.0000000000
   0.0000000000
   0.0000000000
   0.0000000000
   0.0000000000
   0.0000000000
   0.0000000000
   0.0000000000
   0.0000000000
   0.0000000000
   0.0000000000
   0.0000000000
   0.0000000000
   0.0000000000
   0.0000000000
   0.0000000000
   0.0000000000
   0.0000000000
   0.0000000000
   0.0000000000
   0.0000000000
   0.0000000000
   0.0000000000
   0.0000000000
   0.0000000000
   0.0000000000
   0.0000000000
   0.0000000000
   0.0000000000
   0.0000000000
   0.0000000000
   0.0000000000
   0.0000000000
   0.0000000000
   0.0000000000
   0.0000000000
   0.0000000000
   0.0000000000
   0.0000000000
   0.0000000000
   0.0000000000
   0.0000000000
   0.0000000000
   0.0000000000
   0.0000000000
   0.0000000000
   0.0000000000
   0.0000000000
   0.0000000000
   0.0000000000
   0.0000000000
   0.0000000000
   0.0000000000
   0.0000000000
   0.0000000000
   0.0000000000
   0.0000000000
   0.0000000000
   0.0000000000
   0.0000000000
   0.0000000000
   0.0000000000
   0.0000000000
   0.0000000000
   0.0000000000
   0.0000000000
   0.0000000000
   0.0000000000
   0.0000000000
   0.0000000000
   0.0000000000
   0.0000000000
   0.0000000000
   0.0000000000
   0.0000000000
   0.0000000000
   0.0000000000
   0.0000000000
   0.0000000000
   0.0000000000
   0.0000000000
   0.0000000000
   0.0000000000
   0.0000000000
   0.0000000000
   0.0000000000
   0.0000000000
   0.0000000000
   0.0000000000
   0.0000000000
   0.0000000000
   0.0000000000
   0.0000000000
   0.0000000000
   0.0000000000
   0.0000000000
   0.0000000000
   0.0000000000
   0.0000000000
   0.0000000000
   0.0000000000
   0.0000000000
   0.0000000000
   0.0000000000
   0.0000000000
   0.0000000000
   0.0000000000
   0.0000000000
   0.0000000000
   0.0000000000
   0.0000000000
   0.0000000000
   0.0000000000
   0.0000000000
   0.0000000000
   0.0000000000
   0.0000000000
   0.0000000000
   0.0000000000
   0.0000000000
   0.0000000000
   0.0000000000
   0.0000000000
   0.0000000000
   0.0000000000
   0.0000000000
   0.0000000000
   0.0000000000
   0.0000000000
   0.0000000000
   0.0000000000
   0.0000000000
   0.0000000000
   0.0000000000
   0.0000000000
   0.0000000000
   0.0000000000
   0.0000000000
   0.0000000000
   0.0000000000
   0.0000000000
   0.0000000000
   0.0000000000
   0.0000000000
   0.0000000000
   0.0000000000
   0.0000000000
   0.0000000000
   0.0000000000
   0.0000000000
   0.0000000000
   0.0000000000
   0.0000000000
   0.0000000000
   0.0000000000
   0.0000000000
   0.0000000000
   0.0000000000
   0.0000000000
   0.0000000000
   0.0000000000
   0.0000000000
   0.0000000000
   0.0000000000
   0.0000000000
   0.0000000000
   0.0000000000
   0.0000000000
***************
   0.0000000000
   0.0000000000
   0.0000000000
***************
   0.0000000000
   0.0000000000
   0.0000000000
   0.0000000000
   0.0000000000
   0.0000000000
   0.0000000000
   0.0000000000
   0.0000000000
   0.0000000000
   0.0000000000
   0.0000000000
   0.0000000000
   0.0000000000
   0.0000000000
   0.0000000000
   0.0000000000
   0.0000000000
   0.0000000000
   0.0000000000
   0.0000000000
   0.0000000000
   0.0000000000
   0.0000000000
   0.0000000000
   0.0000000000
   0.0000000000
   0.0000000000
   0.0000000000
   0.0000000000
   0.0000000000
   0.0000000000
   0.0000000000
   0.0000000000
   0.0000000000
   0.0000000000
   0.0000000000
   0.0000000000
   0.0000000000
   0.0000000000
   0.0000000000
   0.0000000000
   0.0000000000
   0.0000000000
   0.0000000000
   0.0000000000
   0.0000000000
   0.0000000000
   0.0000000000
   0.0000000000
   0.0000000000
   0.0000000000
   0.0000000000
   0.0000000000
   0.0000000000
   0.0000000000
   0.0000000000
   0.0000000000
   0.0000000000
   0.0000000000
   0.0000000000
   0.0000000000
   0.0000000000
   0.0000000000
   0.0000000000
   0.0000000000
   0.0000000000
   0.0000000000
   0.0000000000
   0.0000000000
   0.0000000000
   0.0000000000
   0.0000000000
   0.0000000000
   0.0000000000
   0.0000000000
   0.0000000000
   0.0000000000
   0.0000000000
   0.0000000000
   0.0000000000
   0.0000000000
   0.0000000000
   0.0000000000
   0.0000000000
   0.0000000000
   0.0000000000
   0.0000000000
   0.0000000000
   0.0000000000
   0.0000000000
   0.0000000000
   0.0000000000
   0.0000000000
   0.0000000000
   0.0000000000
   0.0000000000
   0.0000000000
   0.0000000000
   0.0000000000
   0.0000000000
   0.0000000000
   0.0000000000
   0.0000000000
   0.0000000000
   0.0000000000
   0.0000000000
   0.0000000000
   0.0000000000
   0.0000000000
   0.0000000000
   0.0000000000
   0.0000000000
   0.0000000000
   0.0000000000
   0.0000000000
   0.0000000000
   0.0000000000
   0.0000000000
   0.0000000000
   0.0000000000
   0.0000000000
   0.0000000000
   0.0000000000
   0.0000000000
   0.0000000000
   0.0000000000
   0.0000000000
   0.0000000000
   0.0000000000
   0.0000000000
   0.0000000000
   0.0000000000
   0.0000000000
   0.0000000000
   0.0000000000
   0.0000000000
   0.0000000000
   0.0000000000
   0.0000000000
   0.0000000000
   0.0000000000
   0.0000000000
   0.0000000000
   0.0000000000
   0.0000000000
   0.0000000000
   0.0000000000
   0.0000000000
   0.0000000000
   0.0000000000
   0.0000000000
   0.0000000000
   0.0000000000
   0.0000000000
   0.0000000000
   0.0000000000
   0.0000000000
   0.0000000000
   0.0000000000
   0.0000000000
   0.0000000000
   0.0000000000
   0.0000000000
   0.0000000000
   0.0000000000
   0.0000000000
   0.0000000000
   0.0000000000
   0.0000000000
   0.0000000000
   0.0000000000
   0.0000000000
   0.0000000000
   0.0000000000
   0.0000000000
   0.0000000000
   0.0000000000
***************
   0.0000000000
   0.0000000000
   0.0000000000
   0.0000000000
   0.0000000000
   0.0000000000
   0.0000000000
   0.0000000000
   0.0000000000
   0.0000000000
   0.0000000000
   0.0000000000
   0.0000000000
   0.0000000000
   0.0000000000
   0.0000000000
   0.0000000000
   0.0000000000
   0.0000000000
   0.0000000000
   0.0000000000
   0.0000000000
   0.0000000000
   0.0000000000
   0.0000000000
   0.0000000000
   0.0000000000
   0.0000000000
   0.0000000000
   0.0000000000
   0.0000000000
   0.0000000000
   0.0000000000
   0.0000000000
   0.0000000000
   0.0000000000
   0.0000000000
   0.0000000000
   0.0000000000
   0.0000000000
   0.0000000000
   0.0000000000
   0.0000000000
   0.0000000000
   0.0000000000
   0.0000000000
   0.0000000000
   0.0000000000
   0.0000000000
   0.0000000000
   0.0000000000
   0.0000000000
   0.0000000000
   0.0000000000
   0.0000000000
   0.0000000000
   0.0000000000
   0.0000000000
   0.0000000000
   0.0000000000
   0.0000000000
   0.0000000000
   0.0000000000
   0.0000000000
   0.0000000000
   0.0000000000
   0.0000000000
   0.0000000000
   0.0000000000
   0.0000000000
   0.0000000000
   0.0000000000
   0.0000000000
   0.0000000000
   0.0000000000
   0.0000000000
   0.0000000000
   0.0000000000
   0.0000000000
   0.0000000000
   0.0000000000
   0.0000000000
   0.0000000000
   0.0000000000
   0.0000000000
   0.0000000000
   0.0000000000
   0.0000000000
   0.0000000000
   0.0000000000
   0.0000000000
   0.0000000000
   0.0000000000
   0.0000000000
   0.0000000000
   0.0000000000
   0.0000000000
   0.0000000000
   0.0000000000
   0.0000000000
   0.0000000000
   0.0000000000
   0.0000000000
   0.0000000000
   0.0000000000
   0.0000000000
   0.0000000000
   0.0000000000
   0.0000000000
   0.0000000000
   0.0000000000
   0.0000000000
   0.0000000000
***************
   0.0000000000
   0.0000000000
   0.0000000000
   0.0000000000
   0.0000000000
   0.0000000000
   0.0000000000
   0.0000000000
   0.0000000000
***************
   0.0000000000
   0.0000000000
   0.0000000000
   0.0000000000
   0.0000000000
   0.0000000000
   0.0000000000
   0.0000000000
   0.0000000000
   0.0000000000
***************
   0.0000000000
   0.0000000000
   0.0000000000
***************
   0.0000000000
***************
   0.0000000000
   0.0000000000
   0.0000000000
   0.0000000000
   0.0000000000
   0.0000000000
   0.0000000000
   0.0000000000
   0.0000000000
   0.0000000000
***************
   0.0000000000
   0.0000000000
   0.0000000000
   0.0000000000
   0.0000000000
   0.0000000000
   0.0000000000
***************
   0.0000000000
***************
   0.0000000000
   0.0000000000
   0.0000000000
   0.0000000000
   0.0000000000
   0.0000000000
   0.0000000000
   0.0000000000
   0.0000000000
   0.0000000000
   0.0000000000
   0.0000000000
   0.0000000000
   0.0000000000
   0.0000000000
   0.0000000000
   0.0000000000
   0.0000000000
   0.0000000000
   0.0000000000
   0.0000000000
   0.0000000000
   0.0000000000
   0.0000000000
   0.0000000000
   0.0000000000
   0.0000000000
   0.0000000000
   0.0000000000
   0.0000000000
   0.0000000000
   0.0000000000
   0.0000000000
   0.0000000000
   0.0000000000
   0.0000000000
   0.0000000000
   0.0000000000
   0.0000000000
   0.0000000000
   0.0000000000
   0.0000000000
   0.0000000000
   0.0000000000
   0.0000000000
   0.0000000000
   0.0000000000
   0.0000000000
   0.0000000000
   0.0000000000
   0.0000000000
   0.0000000000
   0.0000000000
   0.0000000000
   0.0000000000
   0.0000000000
   0.0000000000
   0.0000000000
   0.0000000000
   0.0000000000
   0.0000000000
   0.0000000000
   0.0000000000
   0.0000000000
   0.0000000000
   0.0000000000
   0.0000000000
   0.0000000000
   0.0000000000
   0.0000000000
   0.0000000000
   0.0000000000
   0.0000000000
   0.0000000000
   0.0000000000
   0.0000000000
   0.0000000000
   0.0000000000
   0.0000000000
   0.0000000000
   0.0000000000
   0.0000000000
   0.0000000000
   0.0000000000
   0.0000000000
   0.0000000000
   0.0000000000
   0.0000000000
   0.0000000000
   0.0000000000
   0.0000000000
   0.0000000000
   0.0000000000
   0.0000000000
   0.0000000000
   0.0000000000
   0.0000000000
   0.0000000000
   0.0000000000
   0.0000000000
   0.0000000000
   0.0000000000
   0.0000000000
   0.0000000000
   0.0000000000
   0.0000000000
   0.0000000000
   0.0000000000
   0.0000000000
   0.0000000000
   0.0000000000
   0.0000000000
   0.0000000000
   0.0000000000
   0.0000000000
   0.0000000000
   0.0000000000
   0.0000000000
   0.0000000000
   0.0000000000
   0.0000000000
   0.0000000000
   0.0000000000
   0.0000000000
   0.0000000000
   0.0000000000
   0.0000000000
   0.0000000000
   0.0000000000
   0.0000000000
   0.0000000000
   0.0000000000
   0.0000000000
   0.0000000000
   0.0000000000
   0.0000000000
   0.0000000000
   0.0000000000
   0.0000000000
   0.0000000000
   0.0000000000
   0.0000000000
   0.0000000000
   0.0000000000
   0.0000000000
   0.0000000000
   0.0000000000
   0.0000000000
   0.0000000000
   0.0000000000
   0.0000000000
   0.0000000000
   0.0000000000
   0.0000000000
   0.0000000000
   0.0000000000
   0.0000000000
   0.0000000000
   0.0000000000
   0.0000000000
   0.0000000000
   0.0000000000
   0.0000000000
   0.0000000000
   0.0000000000
   0.0000000000
   0.0000000000
   0.0000000000
   0.0000000000
   0.0000000000
   0.0000000000
   0.0000000000
   0.0000000000
   0.0000000000
   0.0000000000
   0.0000000000
   0.0000000000
   0.0000000000
   0.0000000000
   0.0000000000
   0.0000000000
   0.0000000000
   0.0000000000
   0.0000000000
   0.0000000000
   0.0000000000
   0.0000000000
   0.0000000000
   0.0000000000
   0.0000000000
   0.0000000000
   0.0000000000
   0.0000000000
   0.0000000000
   0.0000000000
   0.0000000000
   0.0000000000
   0.0000000000
   0.0000000000
   0.0000000000
   0.0000000000
   0.0000000000
   0.0000000000
   0.0000000000
   0.0000000000
   0.0000000000
   0.0000000000
   0.0000000000
   0.0000000000
   0.0000000000
   0.0000000000
   0.0000000000
   0.0000000000
   0.0000000000
   0.0000000000
   0.0000000000
   0.0000000000
   0.0000000000
   0.0000000000
   0.0000000000
   0.0000000000
   0.0000000000
   0.0000000000
   0.0000000000
   0.0000000000
   0.0000000000
   0.0000000000
   0.0000000000
   0.0000000000
   0.0000000000
   0.0000000000
   0.0000000000
   0.0000000000
   0.0000000000
   0.0000000000
   0.0000000000
   0.0000000000
   0.0000000000
   0.0000000000
   0.0000000000
   0.0000000000
   0.0000000000
   0.0000000000
   0.0000000000
   0.0000000000
   0.0000000000
   0.0000000000
   0.0000000000
   0.0000000000
   0.0000000000
   0.0000000000
   0.0000000000
   0.0000000000
   0.0000000000
   0.0000000000
   0.0000000000
   0.0000000000
   0.0000000000
   0.0000000000
   0.0000000000
   0.0000000000
   0.0000000000
   0.0000000000
   0.0000000000
   0.0000000000
   0.0000000000
   0.0000000000
   0.0000000000
   0.0000000000
   0.0000000000
   0.0000000000
   0.0000000000
   0.0000000000
   0.0000000000
   0.0000000000
   0.0000000000
   0.0000000000
   0.0000000000
   0.0000000000
   0.0000000000
   0.0000000000
   0.0000000000
   0.0000000000
   0.0000000000
   0.0000000000
   0.0000000000
   0.0000000000
   0.0000000000
   0.0000000000
   0.0000000000
   0.0000000000
   0.0000000000
   0.0000000000
   0.0000000000
   0.0000000000
   0.0000000000
   0.0000000000
   0.0000000000
   0.0000000000
   0.0000000000
   0.0000000000
   0.0000000000
   0.0000000000
   0.0000000000
   0.0000000000
   0.0000000000
   0.0000000000
   0.0000000000
   0.0000000000
   0.0000000000
   0.0000000000
   0.0000000000
   0.0000000000
   0.0000000000
   0.0000000000
   0.0000000000
   0.0000000000
   0.0000000000
   0.0000000000
   0.0000000000
   0.0000000000
   0.0000000000
   0.0000000000
   0.0000000000
   0.0000000000
   0.0000000000
   0.0000000000
   0.0000000000
   0.0000000000
   0.0000000000
   0.0000000000
   0.0000000000
   0.0000000000
   0.0000000000
   0.0000000000
   0.0000000000
   0.0000000000
   0.0000000000
   0.0000000000
   0.0000000000
   0.0000000000
   0.0000000000
   0.0000000000
   0.0000000000
   0.0000000000
   0.0000000000
   0.0000000000
   0.0000000000
   0.0000000000
   0.0000000000
   0.0000000000
   0.0000000000
   0.0000000000
   0.0000000000
   0.0000000000
   0.0000000000
   0.0000000000
   0.0000000000
   0.0000000000
   0.0000000000
   0.0000000000
   0.0000000000
   0.0000000000
   0.0000000000
   0.0000000000
   0.0000000000
   0.0000000000
   0.0000000000
   0.0000000000
   0.0000000000
   0.0000000000
   0.0000000000
   0.0000000000
   0.0000000000
   0.0000000000
   0.0000000000
   0.0000000000
   0.0000000000
   0.0000000000
   0.0000000000
   0.0000000000
   0.0000000000
   0.0000000000
   0.0000000000
   0.0000000000
   0.0000000000
   0.0000000000
   0.0000000000
   0.0000000000
   0.0000000000
   0.0000000000
   0.0000000000
   0.0000000000
   0.0000000000
   0.0000000000
   0.0000000000
   0.0000000000
   0.0000000000
   0.0000000000
   0.0000000000
   0.0000000000
   0.0000000000
   0.0000000000
   0.0000000000
   0.0000000000
   0.0000000000
   0.0000000000
   0.0000000000
   0.0000000000
   0.0000000000
   0.0000000000
   0.0000000000
   0.0000000000
   0.0000000000
   0.0000000000
   0.0000000000
   0.0000000000
   0.0000000000
   0.0000000000
   0.0000000000
   0.0000000000
   0.0000000000
   0.0000000000
   0.0000000000
   0.0000000000
   0.0000000000
   0.0000000000
   0.0000000000
   0.0000000000
   0.0000000000
   0.0000000000
   0.0000000000
   0.0000000000
   0.0000000000
   0.0000000000
   0.0000000000
   0.0000000000
   0.0000000000
   0.0000000000
   0.0000000000
   0.0000000000
   0.0000000000
   0.0000000000
   0.0000000000
   0.0000000000
   0.0000000000
   0.0000000000
   0.0000000000
   0.0000000000
   0.0000000000
   0.0000000000
   0.0000000000
   0.0000000000
   0.0000000000
   0.0000000000
   0.0000000000
   0.0000000000
   0.0000000000
   0.0000000000
   0.0000000000
   0.0000000000
   0.0000000000
   0.0000000000
   0.0000000000
   0.0000000000
   0.0000000000
   0.0000000000
   0.0000000000
   0.0000000000
   0.0000000000
   0.0000000000
   0.0000000000
   0.0000000000
   0.0000000000
   0.0000000000
   0.0000000000
   0.0000000000
   0.0000000000
   0.0000000000
   0.0000000000
   0.0000000000
   0.0000000000
   0.0000000000
   0.0000000000
   0.0000000000
   0.0000000000
   0.0000000000
   0.0000000000
   0.0000000000
   0.0000000000
   0.0000000000
   0.0000000000
   0.0000000000
   0.0000000000
   0.0000000000
   0.0000000000
   0.0000000000
   0.0000000000
   0.0000000000
   0.0000000000
   0.0000000000
   0.0000000000
   0.0000000000
   0.0000000000
   0.0000000000
   0.0000000000
   0.0000000000
   0.0000000000
   0.0000000000
   0.0000000000
   0.0000000000
   0.0000000000
   0.0000000000
   0.0000000000
   0.0000000000
   0.0000000000
   0.0000000000
   0.0000000000
   0.0000000000
   0.0000000000
   0.0000000000
   0.0000000000
   0.0000000000
   0.0000000000
   0.0000000000
   0.0000000000
   0.0000000000
   0.0000000000
   0.0000000000
   0.0000000000
   0.0000000000
   0.0000000000
   0.0000000000
   0.0000000000
   0.0000000000
   0.0000000000
   0.0000000000
   0.0000000000
   0.0000000000
   0.0000000000
   0.0000000000
   0.0000000000
   0.0000000000
   0.0000000000
   0.0000000000
   0.0000000000
   0.0000000000
   0.0000000000
   0.0000000000
   0.0000000000
   0.0000000000
   0.0000000000
   0.0000000000
   0.0000000000
   0.0000000000
   0.0000000000
   0.0000000000
   0.0000000000
   0.0000000000
   0.0000000000
   0.0000000000
   0.0000000000
   0.0000000000
   0.0000000000
   0.0000000000
   0.0000000000
   0.0000000000
   0.0000000000
   0.0000000000
   0.0000000000
   0.0000000000
   0.0000000000
   0.0000000000
   0.0000000000
   0.0000000000
   0.0000000000
   0.0000000000
   0.0000000000
   0.0000000000
   0.0000000000
   0.0000000000
   0.0000000000
   0.0000000000
   0.0000000000
   0.0000000000
   0.0000000000
   0.0000000000
   0.0000000000
   0.0000000000
   0.0000000000
   0.0000000000
   0.0000000000
   0.0000000000
   0.0000000000
   0.0000000000
   0.0000000000
   0.0000000000
   0.0000000000
   0.0000000000
   0.0000000000
   0.0000000000
   0.0000000000
   0.0000000000
   0.0000000000
   0.0000000000
   0.0000000000
   0.0000000000
   0.0000000000
   0.0000000000
   0.0000000000
   0.0000000000
   0.0000000000
   0.0000000000
   0.0000000000
   0.0000000000
   0.0000000000
   0.0000000000
   0.0000000000
   0.0000000000
   0.0000000000
   0.0000000000
   0.0000000000
   0.0000000000
   0.0000000000
   0.0000000000
   0.0000000000
   0.0000000000
   0.0000000000
   0.0000000000
   0.0000000000
   0.0000000000
   0.0000000000
   0.0000000000
   0.0000000000
   0.0000000000
   0.0000000000
   0.0000000000
   0.0000000000
   0.0000000000
   0.0000000000
   0.0000000000
   0.0000000000
   0.0000000000
   0.0000000000
   0.0000000000
   0.0000000000
   0.0000000000
   0.0000000000
   0.0000000000
   0.0000000000
   0.0000000000
   0.0000000000
   0.0000000000
   0.0000000000
   0.0000000000
   0.0000000000
   0.0000000000
   0.0000000000
   0.0000000000
   0.0000000000
   0.0000000000
   0.0000000000
   0.0000000000
   0.0000000000
   0.0000000000
   0.0000000000
   0.0000000000
   0.0000000000
   0.0000000000
   0.0000000000
   0.0000000000
   0.0000000000
   0.0000000000
   0.0000000000
   0.0000000000
   0.0000000000
   0.0000000000
   0.0000000000
   0.0000000000
   0.0000000000
   0.0000000000
***************
   0.0000000000
   0.0000000000
   0.0000000000
   0.0000000000
   0.0000000000
   0.0000000000
   0.0000000000
***************
   0.0000000000
4620.0000000000
   0.0000000000
   0.0000000000
   0.0000000000
   0.0000000000
   0.0000000000
   0.0000000000
   0.0000000000
   0.0000000000
   0.0000000000
   0.0000000000
   0.0000000000
   0.0000000000
   0.0000000000
   0.0000000000
   0.0000000000
   0.0000000000
   0.0000000000
   0.0000000000
   0.0000000000
   0.0000000000
   0.0000000000
   0.0000000000
   0.0000000000
   0.0000000000
   0.0000000000
   0.0000000000
   0.0000000000
   0.0000000000
   0.0000000000
   0.0000000000
   0.0000000000
   0.0000000000
   0.0000000000
   0.0000000000
   0.0000000000
   0.0000000000
   0.0000000000
   0.0000000000
   0.0000000000
   0.0000000000
   0.0000000000
   0.0000000000
   0.0000000000
   0.0000000000
   0.0000000000
   0.0000000000
   0.0000000000
   0.0000000000
   0.0000000000
   0.0000000000
   0.0000000000
   0.0000000000
   0.0000000000
   0.0000000000
   0.0000000000
   0.0000000000
   0.0000000000
   0.0000000000
   0.0000000000
   0.0000000000
   0.0000000000
   0.0000000000
   0.0000000000
   0.0000000000
   0.0000000000
   0.0000000000
   0.0000000000
   0.0000000000
   0.0000000000
   0.0000000000
   0.0000000000
   0.0000000000
   0.0000000000
   0.0000000000
   0.0000000000
   0.0000000000
   0.0000000000
   0.0000000000
   0.0000000000
   0.0000000000
   0.0000000000
   0.0000000000
   0.0000000000
   0.0000000000
   0.0000000000
   0.0000000000
   0.0000000000
   0.0000000000
   0.0000000000
   0.0000000000
   0.0000000000
   0.0000000000
   0.0000000000
   0.0000000000
   0.0000000000
   0.0000000000
   0.0000000000
   0.0000000000
   0.0000000000
   0.0000000000
   0.0000000000
   0.0000000000
   0.0000000000
   0.0000000000
   0.0000000000
   0.0000000000
   0.0000000000
   0.0000000000
   0.0000000000
   0.0000000000
   0.0000000000
   0.0000000000
   0.0000000000
   0.0000000000
   0.0000000000
   0.0000000000
   0.0000000000
   0.0000000000
   0.0000000000
   0.0000000000
   0.0000000000
   0.0000000000
   0.0000000000
   0.0000000000
   0.0000000000
   0.0000000000
   0.0000000000
   0.0000000000
   0.0000000000
   0.0000000000
   0.0000000000
   0.0000000000
   0.0000000000
   0.0000000000
   0.0000000000
   0.0000000000
   0.0000000000
   0.0000000000
   0.0000000000
   0.0000000000
   0.0000000000
   0.0000000000
   0.0000000000
   0.0000000000
   0.0000000000
   0.0000000000
   0.0000000000
   0.0000000000
   0.0000000000
   0.0000000000
   0.0000000000
   0.0000000000
   0.0000000000
   0.0000000000
   0.0000000000
   0.0000000000
   0.0000000000
   0.0000000000
   0.0000000000
   0.0000000000
   0.0000000000
   0.0000000000
   0.0000000000
   0.0000000000
   0.0000000000
   0.0000000000
   0.0000000000
   0.0000000000
   0.0000000000
   0.0000000000
   0.0000000000
   0.0000000000
   0.0000000000
   0.0000000000
   0.0000000000
   0.0000000000
   0.0000000000
   0.0000000000
   0.0000000000
   0.0000000000
   0.0000000000
   0.0000000000
   0.0000000000
   0.0000000000
   0.0000000000
   0.0000000000
   0.0000000000
   0.0000000000
   0.0000000000
   0.0000000000
   0.0000000000
   0.0000000000
   0.0000000000
   0.0000000000
   0.0000000000
   0.0000000000
   0.0000000000
   0.0000000000
   0.0000000000
   0.0000000000
   0.0000000000
   0.0000000000
   0.0000000000
   0.0000000000
   0.0000000000
   0.0000000000
   0.0000000000
   0.0000000000
   0.0000000000
   0.0000000000
   0.0000000000
   0.0000000000
   0.0000000000
   0.0000000000
   0.0000000000
   0.0000000000
   0.0000000000
   0.0000000000
   0.0000000000
   0.0000000000
   0.0000000000
   0.0000000000
   0.0000000000
   0.0000000000
   0.0000000000
   0.0000000000
   0.0000000000
   0.0000000000
   0.0000000000
   0.0000000000
   0.0000000000
   0.0000000000
   0.0000000000
   0.0000000000
   0.0000000000
   0.0000000000
   0.0000000000
   0.0000000000
   0.0000000000
   0.0000000000
   0.0000000000
   0.0000000000
   0.0000000000
   0.0000000000
   0.0000000000
   0.0000000000
   0.0000000000
   0.0000000000
   0.0000000000
   0.0000000000
   0.0000000000
   0.0000000000
   0.0000000000
   0.0000000000
   0.0000000000
   0.0000000000
   0.0000000000
   0.0000000000
   0.0000000000
   0.0000000000
   0.0000000000
   0.0000000000
   0.0000000000
   0.0000000000
   0.0000000000
   0.0000000000
   0.0000000000
   0.0000000000
   0.0000000000
   0.0000000000
   0.0000000000
   0.0000000000
   0.0000000000
   0.0000000000
   0.0000000000
   0.0000000000
   0.0000000000
   0.0000000000
   0.0000000000
   0.0000000000
   0.0000000000
   0.0000000000
   0.0000000000
   0.0000000000
   0.0000000000
   0.0000000000
   0.0000000000
   0.0000000000
   0.0000000000
   0.0000000000
   0.0000000000
   0.0000000000
   0.0000000000
   0.0000000000
   0.0000000000
   0.0000000000
   0.0000000000
   0.0000000000
   0.0000000000
   0.0000000000
   0.0000000000
   0.0000000000
   0.0000000000
   0.0000000000
   0.0000000000
   0.0000000000
   0.0000000000
   0.0000000000
   0.0000000000
   0.0000000000
***************
   0.0000000000
   0.0000000000
   0.0000000000
   0.0000000000
   0.0000000000
   0.0000000000
   0.0000000000
   0.0000000000
***************
   0.0000000000
   0.0000000000
***************
   0.0000000000
   0.0000000000
   0.0000000000
   0.0000000000
   0.0000000000
***************
   0.0000000000
   0.0000000000
   0.0000000000
   0.0000000000
   0.0000000000
   0.0000000000
   0.0000000000
   0.0000000000
   0.0000000000
   0.0000000000
   0.0000000000
   0.0000000000
   0.0000000000
   0.0000000000
   0.0000000000
   0.0000000000
   0.0000000000
   0.0000000000
   0.0000000000
   0.0000000000
   0.0000000000
   0.0000000000
   0.0000000000
   0.0000000000
   0.0000000000
   0.0000000000
   0.0000000000
   0.0000000000
   0.0000000000
   0.0000000000
   0.0000000000
   0.0000000000
   0.0000000000
   0.0000000000
   0.0000000000
   0.0000000000
   0.0000000000
   0.0000000000
   0.0000000000
   0.0000000000
   0.0000000000
   0.0000000000
   0.0000000000
   0.0000000000
   0.0000000000
   0.0000000000
   0.0000000000
   0.0000000000
   0.0000000000
   0.0000000000
   0.0000000000
   0.0000000000
   0.0000000000
   0.0000000000
   0.0000000000
   0.0000000000
   0.0000000000
   0.0000000000
   0.0000000000
   0.0000000000
   0.0000000000
   0.0000000000
   0.0000000000
   0.0000000000
   0.0000000000
   0.0000000000
   0.0000000000
   0.0000000000
   0.0000000000
   0.0000000000
   0.0000000000
   0.0000000000
   0.0000000000
   0.0000000000
   0.0000000000
   0.0000000000
   0.0000000000
   0.0000000000
   0.0000000000
   0.0000000000
   0.0000000000
   0.0000000000
   0.0000000000
   0.0000000000
   0.0000000000
   0.0000000000
   0.0000000000
   0.0000000000
   0.0000000000
   0.0000000000
   0.0000000000
   0.0000000000
   0.0000000000
   0.0000000000
   0.0000000000
   0.0000000000
   0.0000000000
   0.0000000000
   0.0000000000
   0.0000000000
   0.0000000000
   0.0000000000
   0.0000000000
   0.0000000000
   0.0000000000
   0.0000000000
   0.0000000000
   0.0000000000
   0.0000000000
   0.0000000000
   0.0000000000
   0.0000000000
***************
   0.0000000000
***************
***************
   0.0000000000
***************
***************
   0.0000000000
   0.0000000000
   0.0000000000
   0.0000000000
   0.0000000000
   0.0000000000
   0.0000000000
   0.0000000000
   0.0000000000
   0.0000000000
   0.0000000000
   0.0000000000
   0.0000000000
   0.0000000000
   0.0000000000
   0.0000000000
   0.0000000000
   0.0000000000
   0.0000000000
   0.0000000000
   0.0000000000
   0.0000000000
   0.0000000000
   0.0000000000
   0.0000000000
   0.0000000000
***************
   0.0000000000
   0.0000000000
   0.0000000000
   0.0000000000
   0.0000000000
***************
   0.0000000000
   0.0000000000
   0.0000000000
   0.0000000000
   0.0000000000
   0.0000000000
   0.0000000000
   0.0000000000
   0.0000000000
   0.0000000000
   0.0000000000
   0.0000000000
   0.0000000000
   0.0000000000
   0.0000000000
   0.0000000000
   0.0000000000
   0.0000000000
   0.0000000000
   0.0000000000
   0.0000000000
   0.0000000000
   0.0000000000
   0.0000000000
   0.0000000000
   0.0000000000
   0.0000000000
   0.0000000000
   0.0000000000
   0.0000000000
   0.0000000000
   0.0000000000
   0.0000000000
   0.0000000000
   0.0000000000
   0.0000000000
   0.0000000000
   0.0000000000
   0.0000000000
   0.0000000000
   0.0000000000
   0.0000000000
   0.0000000000
   0.0000000000
   0.0000000000
   0.0000000000
   0.0000000000
   0.0000000000
   0.0000000000
   0.0000000000
   0.0000000000
   0.0000000000
   0.0000000000
   0.0000000000
   0.0000000000
   0.0000000000
   0.0000000000
   0.0000000000
   0.0000000000
   0.0000000000
   0.0000000000
   0.0000000000
   0.0000000000
   0.0000000000
   0.0000000000
   0.0000000000
   0.0000000000
   0.0000000000
   0.0000000000
   0.0000000000
   0.0000000000
   0.0000000000
   0.0000000000
   0.0000000000
   0.0000000000
   0.0000000000
   0.0000000000
   0.0000000000
   0.0000000000
   0.0000000000
   0.0000000000
   0.0000000000
   0.0000000000
   0.0000000000
   0.0000000000
   0.0000000000
   0.0000000000
   0.0000000000
   0.0000000000
   0.0000000000
   0.0000000000
   0.0000000000
   0.0000000000
   0.0000000000
   0.0000000000
   0.0000000000
   0.0000000000
   0.0000000000
   0.0000000000
   0.0000000000
   0.0000000000
   0.0000000000
   0.0000000000
   0.0000000000
   0.0000000000
   0.0000000000
   0.0000000000
   0.0000000000
   0.0000000000
   0.0000000000
   0.0000000000
   0.0000000000
   0.0000000000
   0.0000000000
   0.0000000000
   0.0000000000
   0.0000000000
   0.0000000000
   0.0000000000
   0.0000000000
   0.0000000000
   0.0000000000
   0.0000000000
   0.0000000000
   0.0000000000
   0.0000000000
   0.0000000000
   0.0000000000
   0.0000000000
   0.0000000000
   0.0000000000
   0.0000000000
   0.0000000000
   0.0000000000
   0.0000000000
   0.0000000000
   0.0000000000
   0.0000000000
   0.0000000000
   0.0000000000
   0.0000000000
   0.0000000000
   0.0000000000
   0.0000000000
   0.0000000000
   0.0000000000
   0.0000000000
   0.0000000000
***************
   0.0000000000
   0.0000000000
***************
***************
   0.0000000000
   0.0000000000
   0.0000000000
   0.0000000000
   0.0000000000
   0.0000000000
   0.0000000000
   0.0000000000
   0.0000000000
   0.0000000000
   0.0000000000
   0.0000000000
   0.0000000000
   0.0000000000
   0.0000000000
   0.0000000000
   0.0000000000
   0.0000000000
   0.0000000000
   0.0000000000
   0.0000000000
   0.0000000000
   0.0000000000
   0.0000000000
   0.0000000000
   0.0000000000
   0.0000000000
   0.0000000000
   0.0000000000
   0.0000000000
   0.0000000000
   0.0000000000
   0.0000000000
   0.0000000000
   0.0000000000
   0.0000000000
   0.0000000000
   0.0000000000
   0.0000000000
   0.0000000000
   0.0000000000
***************
***************
   0.0000000000
   0.0000000000
   0.0000000000
   0.0000000000
   0.0000000000
   0.0000000000
   0.0000000000
   0.0000000000
   0.0000000000
   0.0000000000
   0.0000000000
   0.0000000000
   0.0000000000
   0.0000000000
   0.0000000000
   0.0000000000
   0.0000000000
   0.0000000000
***************
   0.0000000000
   0.0000000000
   0.0000000000
   0.0000000000
   0.0000000000
   0.0000000000
   0.0000000000
   0.0000000000
   0.0000000000
   0.0000000000
   0.0000000000
   0.0000000000
   0.0000000000
   0.0000000000
   0.0000000000
   0.0000000000
   0.0000000000
   0.0000000000
   0.0000000000
   0.0000000000
   0.0000000000
   0.0000000000
   0.0000000000
   0.0000000000
   0.0000000000
   0.0000000000
   0.0000000000
   0.0000000000
   0.0000000000
   0.0000000000
   0.0000000000
   0.0000000000
   0.0000000000
   0.0000000000
   0.0000000000
   0.0000000000
   0.0000000000
   0.0000000000
   0.0000000000
   0.0000000000
   0.0000000000
   0.0000000000
   0.0000000000
   0.0000000000
   0.0000000000
   0.0000000000
   0.0000000000
   0.0000000000
   0.0000000000
   0.0000000000
   0.0000000000
   0.0000000000
   0.0000000000
   0.0000000000
   0.0000000000
   0.0000000000
   0.0000000000
   0.0000000000
   0.0000000000
   0.0000000000
   0.0000000000
   0.0000000000
   0.0000000000
   0.0000000000
   0.0000000000
   0.0000000000
***************
***************
   0.0000000000
   0.0000000000
   0.0000000000
   0.0000000000
   0.0000000000
   0.0000000000
   0.0000000000
   0.0000000000
   0.0000000000
   0.0000000000
   0.0000000000
   0.0000000000
   0.0000000000
   0.0000000000
   0.0000000000
   0.0000000000
   0.0000000000
   0.0000000000
   0.0000000000
   0.0000000000
   0.0000000000
   0.0000000000
   0.0000000000
   0.0000000000
   0.0000000000
   0.0000000000
   0.0000000000
   0.0000000000
   0.0000000000
   0.0000000000
   0.0000000000
   0.0000000000
   0.0000000000
   0.0000000000
   0.0000000000
   0.0000000000
   0.0000000000
   0.0000000000
   0.0000000000
   0.0000000000
   0.0000000000
   0.0000000000
   0.0000000000
   0.0000000000
   0.0000000000
   0.0000000000
   0.0000000000
   0.0000000000
   0.0000000000
   0.0000000000
   0.0000000000
   0.0000000000
   0.0000000000
***************
   0.0000000000
   0.0000000000
   0.0000000000
   0.0000000000
   0.0000000000
   0.0000000000
   0.0000000000
   0.0000000000
   0.0000000000
   0.0000000000
   0.0000000000
   0.0000000000
   0.0000000000
   0.0000000000
   0.0000000000
***************
   0.0000000000
   0.0000000000
***************
   0.0000000000
   0.0000000000
   0.0000000000
   0.0000000000
   0.0000000000
   0.0000000000
   0.0000000000
   0.0000000000
   0.0000000000
***************
   0.0000000000
   0.0000000000
   0.0000000000
   0.0000000000
   0.0000000000
   0.0000000000
   0.0000000000
   0.0000000000
   0.0000000000
   0.0000000000
   0.0000000000
   0.0000000000
   0.0000000000
   0.0000000000
***************
   0.0000000000
   0.0000000000
   0.0000000000
***************
   0.0000000000
***************
   0.0000000000
   0.0000000000
***************
   0.0000000000
***************
   0.0000000000
***************
   0.0000000000
***************
   0.0000000000
   0.0000000000
   0.0000000000
   0.0000000000
   0.0000000000
   0.0000000000
   0.0000000000
   0.0000000000
   0.0000000000
***************
   0.0000000000
   0.0000000000
   0.0000000000
***************
   0.0000000000
***************
   0.0000000000
***************
   0.0000000000
***************
   0.0000000000
5850.0000000000
   0.0000000000
8100.0000000000
   0.0000000000
   0.0000000000
   0.0000000000
   0.0000000000
   0.0000000000
   0.0000000000
***************
   0.0000000000
***************
   0.0000000000
***************
   0.0000000000
***************
   0.0000000000
   0.0000000000
   0.0000000000
   0.0000000000
   0.0000000000
   0.0000000000
   0.0000000000
   0.0000000000
   0.0000000000
   0.0000000000
   0.0000000000
   0.0000000000
   0.0000000000
   0.0000000000
   0.0000000000
   0.0000000000
   0.0000000000
   0.0000000000
   0.0000000000
   0.0000000000
   0.0000000000
   0.0000000000
   0.0000000000
   0.0000000000
   0.0000000000
   0.0000000000
   0.0000000000
   0.0000000000
   0.0000000000
   0.0000000000
   0.0000000000
   0.0000000000
   0.0000000000
   0.0000000000
   0.0000000000
   0.0000000000
   0.0000000000
   0.0000000000
   0.0000000000
   0.0000000000
   0.0000000000
   0.0000000000
   0.0000000000
   0.0000000000
   0.0000000000
   0.0000000000
   0.0000000000
   0.0000000000
   0.0000000000
   0.0000000000
   0.0000000000
   0.0000000000
   0.0000000000
   0.0000000000
   0.0000000000
   0.0000000000
   0.0000000000
   0.0000000000
   0.0000000000
   0.0000000000
   0.0000000000
   0.0000000000
   0.0000000000
   0.0000000000
   0.0000000000
   0.0000000000
   0.0000000000
   0.0000000000
   0.0000000000
   0.0000000000
   0.0000000000
   0.0000000000
   0.0000000000
   0.0000000000
   0.0000000000
   0.0000000000
   0.0000000000
   0.0000000000
   0.0000000000
   0.0000000000
   0.0000000000
   0.0000000000
   0.0000000000
   0.0000000000
   0.0000000000
   0.0000000000
   0.0000000000
   0.0000000000
   0.0000000000
   0.0000000000
   0.0000000000
   0.0000000000
   0.0000000000
   0.0000000000
   0.0000000000
   0.0000000000
   0.0000000000
   0.0000000000
   0.0000000000
   0.0000000000
   0.0000000000
   0.0000000000
   0.0000000000
   0.0000000000
   0.0000000000
   0.0000000000
   0.0000000000
   0.0000000000
   0.0000000000
   0.0000000000
   0.0000000000
   0.0000000000
   0.0000000000
   0.0000000000
   0.0000000000
   0.0000000000
   0.0000000000
   0.0000000000
   0.0000000000
   0.0000000000
   0.0000000000
   0.0000000000
   0.0000000000
   0.0000000000
   0.0000000000
   0.0000000000
   0.0000000000
   0.0000000000
   0.0000000000
   0.0000000000
   0.0000000000
   0.0000000000
   0.0000000000
   0.0000000000
   0.0000000000
   0.0000000000
   0.0000000000
   0.0000000000
   0.0000000000
   0.0000000000
   0.0000000000
   0.0000000000
   0.0000000000
   0.0000000000
   0.0000000000
   0.0000000000
   0.0000000000
   0.0000000000
   0.0000000000
   0.0000000000
   0.0000000000
   0.0000000000
   0.0000000000
   0.0000000000
   0.0000000000
   0.0000000000
   0.0000000000
   0.0000000000
   0.0000000000
   0.0000000000
   0.0000000000
   0.0000000000
   0.0000000000
   0.0000000000
   0.0000000000
   0.0000000000
   0.0000000000
   0.0000000000
   0.0000000000
   0.0000000000
   0.0000000000
   0.0000000000
   0.0000000000
   0.0000000000
   0.0000000000
   0.0000000000
   0.0000000000
   0.0000000000
   0.0000000000
   0.0000000000
   0.0000000000
   0.0000000000
   0.0000000000
   0.0000000000
   0.0000000000
   0.0000000000
   0.0000000000
   0.0000000000
   0.0000000000
   0.0000000000
   0.0000000000
   0.0000000000
   0.0000000000
   0.0000000000
   0.0000000000
   0.0000000000
   0.0000000000
   0.0000000000
   0.0000000000
   0.0000000000
   0.0000000000
   0.0000000000
   0.0000000000
   0.0000000000
   0.0000000000
   0.0000000000
   0.0000000000
   0.0000000000
   0.0000000000
   0.0000000000
   0.0000000000
   0.0000000000
   0.0000000000
   0.0000000000
   0.0000000000
   0.0000000000
   0.0000000000
   0.0000000000
   0.0000000000
   0.0000000000
   0.0000000000
   0.0000000000
   0.0000000000
   0.0000000000
   0.0000000000
   0.0000000000
   0.0000000000
   0.0000000000
   0.0000000000
   0.0000000000
   0.0000000000
   0.0000000000
   0.0000000000
   0.0000000000
   0.0000000000
   0.0000000000
   0.0000000000
   0.0000000000
   0.0000000000
   0.0000000000
   0.0000000000
   0.0000000000
   0.0000000000
   0.0000000000
   0.0000000000
   0.0000000000
   0.0000000000
   0.0000000000
   0.0000000000
   0.0000000000
   0.0000000000
   0.0000000000
   0.0000000000
   0.0000000000
   0.0000000000
   0.0000000000
   0.0000000000
   0.0000000000
   0.0000000000
   0.0000000000
   0.0000000000
   0.0000000000
   0.0000000000
   0.0000000000
   0.0000000000
   0.0000000000
   0.0000000000
   0.0000000000
   0.0000000000
   0.0000000000
   0.0000000000
   0.0000000000
   0.0000000000
   0.0000000000
   0.0000000000
   0.0000000000
   0.0000000000
   0.0000000000
   0.0000000000
   0.0000000000
   0.0000000000
   0.0000000000
   0.0000000000
   0.0000000000
   0.0000000000
   0.0000000000
   0.0000000000
   0.0000000000
   0.0000000000
   0.0000000000
   0.0000000000
   0.0000000000
   0.0000000000
   0.0000000000
   0.0000000000
   0.0000000000
   0.0000000000
   0.0000000000
   0.0000000000
   0.0000000000
   0.0000000000
   0.0000000000
   0.0000000000
   0.0000000000
   0.0000000000
   0.0000000000
   0.0000000000
   0.0000000000
   0.0000000000
   0.0000000000
   0.0000000000
   0.0000000000
   0.0000000000
   0.0000000000
   0.0000000000
   0.0000000000
   0.0000000000
   0.0000000000
   0.0000000000
   0.0000000000
   0.0000000000
   0.0000000000
   0.0000000000
   0.0000000000
   0.0000000000
   0.0000000000
   0.0000000000
   0.0000000000
   0.0000000000
   0.0000000000
   0.0000000000
   0.0000000000
   0.0000000000
   0.0000000000
   0.0000000000
   0.0000000000
   0.0000000000
   0.0000000000
   0.0000000000
   0.0000000000
   0.0000000000
   0.0000000000
   0.0000000000
   0.0000000000
   0.0000000000
   0.0000000000
   0.0000000000
   0.0000000000
   0.0000000000
   0.0000000000
   0.0000000000
***************
   0.0000000000
   0.0000000000
   0.0000000000
   0.0000000000
   0.0000000000
   0.0000000000
   0.0000000000
   0.0000000000
   0.0000000000
***************
   0.0000000000
   0.0000000000
   0.0000000000
   0.0000000000
   0.0000000000
   0.0000000000
   0.0000000000
   0.0000000000
   0.0000000000
   0.0000000000
***************
   0.0000000000
   0.0000000000
   0.0000000000
***************
   0.0000000000
***************
   0.0000000000
***************
   0.0000000000
***************
   0.0000000000
   0.0000000000
   0.0000000000
   0.0000000000
   0.0000000000
   0.0000000000
***************
   0.0000000000
***************
   0.0000000000
6240.0000000000
   0.0000000000
8640.0000000000
   0.0000000000
   0.0000000000
   0.0000000000
   0.0000000000
   0.0000000000
   0.0000000000
   0.0000000000
   0.0000000000
   0.0000000000
   0.0000000000
   0.0000000000
   0.0000000000
   0.0000000000
   0.0000000000
   0.0000000000
   0.0000000000
   0.0000000000
   0.0000000000
   0.0000000000
   0.0000000000
   0.0000000000
   0.0000000000
   0.0000000000
   0.0000000000
   0.0000000000
   0.0000000000
   0.0000000000
   0.0000000000
   0.0000000000
   0.0000000000
   0.0000000000
   0.0000000000
   0.0000000000
   0.0000000000
   0.0000000000
   0.0000000000
   0.0000000000
   0.0000000000
   0.0000000000
   0.0000000000
   0.0000000000
   0.0000000000
   0.0000000000
   0.0000000000
   0.0000000000
   0.0000000000
   0.0000000000
   0.0000000000
   0.0000000000
   0.0000000000
   0.0000000000
   0.0000000000
   0.0000000000
   0.0000000000
   0.0000000000
   0.0000000000
   0.0000000000
   0.0000000000
   0.0000000000
   0.0000000000
   0.0000000000
   0.0000000000
   0.0000000000
   0.0000000000
   0.0000000000
   0.0000000000
   0.0000000000
   0.0000000000
   0.0000000000
   0.0000000000
   0.0000000000
   0.0000000000
   0.0000000000
   0.0000000000
   0.0000000000
   0.0000000000
   0.0000000000
   0.0000000000
   0.0000000000
   0.0000000000
   0.0000000000
   0.0000000000
   0.0000000000
   0.0000000000
   0.0000000000
   0.0000000000
   0.0000000000
   0.0000000000
   0.0000000000
   0.0000000000
   0.0000000000
   0.0000000000
   0.0000000000
   0.0000000000
   0.0000000000
   0.0000000000
   0.0000000000
   0.0000000000
   0.0000000000
   0.0000000000
   0.0000000000
   0.0000000000
   0.0000000000
   0.0000000000
   0.0000000000
   0.0000000000
   0.0000000000
   0.0000000000
   0.0000000000
   0.0000000000
   0.0000000000
   0.0000000000
   0.0000000000
   0.0000000000
   0.0000000000
   0.0000000000
   0.0000000000
   0.0000000000
   0.0000000000
   0.0000000000
   0.0000000000
   0.0000000000
   0.0000000000
   0.0000000000
   0.0000000000
   0.0000000000
   0.0000000000
   0.0000000000
   0.0000000000
   0.0000000000
   0.0000000000
   0.0000000000
   0.0000000000
   0.0000000000
   0.0000000000
   0.0000000000
   0.0000000000
   0.0000000000
   0.0000000000
   0.0000000000
   0.0000000000
   0.0000000000
   0.0000000000
   0.0000000000
   0.0000000000
   0.0000000000
   0.0000000000
   0.0000000000
   0.0000000000
   0.0000000000
   0.0000000000
   0.0000000000
   0.0000000000
   0.0000000000
   0.0000000000
   0.0000000000
   0.0000000000
   0.0000000000
   0.0000000000
   0.0000000000
   0.0000000000
   0.0000000000
   0.0000000000
   0.0000000000
   0.0000000000
   0.0000000000
   0.0000000000
   0.0000000000
   0.0000000000
   0.0000000000
   0.0000000000
   0.0000000000
   0.0000000000
   0.0000000000
   0.0000000000
   0.0000000000
   0.0000000000
   0.0000000000
   0.0000000000
   0.0000000000
   0.0000000000
   0.0000000000
   0.0000000000
   0.0000000000
   0.0000000000
   0.0000000000
   0.0000000000
   0.0000000000
   0.0000000000
   0.0000000000
   0.0000000000
   0.0000000000
   0.0000000000
   0.0000000000
   0.0000000000
   0.0000000000
   0.0000000000
   0.0000000000
   0.0000000000
   0.0000000000
   0.0000000000
   0.0000000000
   0.0000000000
   0.0000000000
   0.0000000000
   0.0000000000
   0.0000000000
   0.0000000000
   0.0000000000
   0.0000000000
   0.0000000000
   0.0000000000
   0.0000000000
   0.0000000000
   0.0000000000
   0.0000000000
   0.0000000000
   0.0000000000
   0.0000000000
   0.0000000000
   0.0000000000
   0.0000000000
   0.0000000000
   0.0000000000
   0.0000000000
   0.0000000000
   0.0000000000
   0.0000000000
   0.0000000000
   0.0000000000
   0.0000000000
   0.0000000000
   0.0000000000
   0.0000000000
   0.0000000000
   0.0000000000
   0.0000000000
   0.0000000000
   0.0000000000
   0.0000000000
   0.0000000000
   0.0000000000
   0.0000000000
   0.0000000000
   0.0000000000
   0.0000000000
   0.0000000000
   0.0000000000
8008.0000000000
   0.0000000000
   0.0000000000
   0.0000000000
   0.0000000000
   0.0000000000
   0.0000000000
   0.0000000000
***************
   0.0000000000
4928.0000000000
   0.0000000000
1560.0000000000
   0.0000000000
2160.0000000000
   0.0000000000
   0.0000000000
   0.0000000000
   0.0000000000
   0.0000000000
   0.0000000000
   0.0000000000
   0.0000000000
   0.0000000000
   0.0000000000
   0.0000000000
   0.0000000000
   0.0000000000
   0.0000000000
   0.0000000000
   0.0000000000
   0.0000000000
   0.0000000000
   0.0000000000
   0.0000000000
   0.0000000000
   0.0000000000
   0.0000000000
   0.0000000000
   0.0000000000
   0.0000000000
   0.0000000000
   0.0000000000
   0.0000000000
   0.0000000000
   0.0000000000
   0.0000000000
   0.0000000000
   0.0000000000
   0.0000000000
   0.0000000000
   0.0000000000
   0.0000000000
   0.0000000000
   0.0000000000
   0.0000000000
   0.0000000000
   0.0000000000
   0.0000000000
   0.0000000000
   0.0000000000
   0.0000000000
   0.0000000000
   0.0000000000
   0.0000000000
   0.0000000000
   0.0000000000
   0.0000000000
   0.0000000000
   0.0000000000
   0.0000000000
   0.0000000000
   0.0000000000
   0.0000000000
   0.0000000000
   0.0000000000
   0.0000000000
   0.0000000000
   0.0000000000
   0.0000000000
   0.0000000000
   0.0000000000
   0.0000000000
   0.0000000000
   0.0000000000
   0.0000000000
   0.0000000000
   0.0000000000
   0.0000000000
   0.0000000000
   0.0000000000
   0.0000000000
   0.0000000000
   0.0000000000
   0.0000000000
   0.0000000000
   0.0000000000
   0.0000000000
   0.0000000000
   0.0000000000
   0.0000000000
   0.0000000000
   0.0000000000
   0.0000000000
   0.0000000000
   0.0000000000
   0.0000000000
   0.0000000000
   0.0000000000
   0.0000000000
   0.0000000000
   0.0000000000
   0.0000000000
   0.0000000000
   0.0000000000
   0.0000000000
   0.0000000000
   0.0000000000
   0.0000000000
***************
   0.0000000000
   0.0000000000
   0.0000000000
   0.0000000000
   0.0000000000
   0.0000000000
***************
   0.0000000000
***************
   0.0000000000
   0.0000000000
   0.0000000000
   0.0000000000
   0.0000000000
***************
   0.0000000000
***************
   0.0000000000
   0.0000000000
   0.0000000000
   0.0000000000
***************
   0.0000000000
   0.0000000000
   0.0000000000
   0.0000000000
   0.0000000000
   0.0000000000
   0.0000000000
   0.0000000000
   0.0000000000
   0.0000000000
   0.0000000000
   0.0000000000
   0.0000000000
   0.0000000000
   0.0000000000
***************
   0.0000000000
   0.0000000000
***************
   0.0000000000
   0.0000000000
***************
***************
   0.0000000000
   0.0000000000
***************
***************
   0.0000000000
   0.0000000000
   0.0000000000
   0.0000000000
   0.0000000000
   0.0000000000
   0.0000000000
   0.0000000000
   0.0000000000
   0.0000000000
   0.0000000000
   0.0000000000
   0.0000000000
   0.0000000000
   0.0000000000
   0.0000000000
   0.0000000000
   0.0000000000
   0.0000000000
   0.0000000000
   0.0000000000
   0.0000000000
   0.0000000000
   0.0000000000
   0.0000000000
   0.0000000000
***************
***************
   0.0000000000
   0.0000000000
   0.0000000000
   0.0000000000
   0.0000000000
   0.0000000000
   0.0000000000
   0.0000000000
   0.0000000000
   0.0000000000
   0.0000000000
   0.0000000000
***************
   0.0000000000
   0.0000000000
***************
***************
   0.0000000000
   0.0000000000
***************
***************
   0.0000000000
   0.0000000000
   0.0000000000
   0.0000000000
   0.0000000000
   0.0000000000
   0.0000000000
   0.0000000000
   0.0000000000
   0.0000000000
   0.0000000000
   0.0000000000
   0.0000000000
   0.0000000000
   0.0000000000
   0.0000000000
   0.0000000000
   0.0000000000
   0.0000000000
   0.0000000000
   0.0000000000
   0.0000000000
   0.0000000000
   0.0000000000
   0.0000000000
   0.0000000000
   0.0000000000
   0.0000000000
   0.0000000000
   0.0000000000
   0.0000000000
   0.0000000000
   0.0000000000
   0.0000000000
   0.0000000000
   0.0000000000
   0.0000000000
***************
***************
   0.0000000000
   0.0000000000
***************
***************
   0.0000000000
   0.0000000000
   0.0000000000
   0.0000000000
   0.0000000000
   0.0000000000
   0.0000000000
   0.0000000000
   0.0000000000
   0.0000000000
***************
   0.0000000000
   0.0000000000
***************
***************
   0.0000000000
   0.0000000000
   0.0000000000
   0.0000000000
   0.0000000000
   0.0000000000
   0.0000000000
   0.0000000000
   0.0000000000
   0.0000000000
   0.0000000000
   0.0000000000
   0.0000000000
   0.0000000000
   0.0000000000
   0.0000000000
   0.0000000000
   0.0000000000
   0.0000000000
   0.0000000000
   0.0000000000
   0.0000000000
   0.0000000000
   0.0000000000
   0.0000000000
   0.0000000000
   0.0000000000
   0.0000000000
   0.0000000000
   0.0000000000
   0.0000000000
   0.0000000000
   0.0000000000
   0.0000000000
   0.0000000000
   0.0000000000
   0.0000000000
   0.0000000000
   0.0000000000
   0.0000000000
***************
***************
   0.0000000000
   0.0000000000
   0.0000000000
   0.0000000000
   0.0000000000
***************
***************
   0.0000000000
   0.0000000000
   0.0000000000
   0.0000000000
   0.0000000000
   0.0000000000
   0.0000000000
   0.0000000000
***************
***************
   0.0000000000
   0.0000000000
   0.0000000000
   0.0000000000
   0.0000000000
   0.0000000000
   0.0000000000
   0.0000000000
   0.0000000000
   0.0000000000
   0.0000000000
   0.0000000000
   0.0000000000
   0.0000000000
   0.0000000000
   0.0000000000
   0.0000000000
   0.0000000000
   0.0000000000
   0.0000000000
   0.0000000000
   0.0000000000
***************
***************
   0.0000000000
   0.0000000000
   0.0000000000
   0.0000000000
   0.0000000000
   0.0000000000
   0.0000000000
   0.0000000000
   0.0000000000
   0.0000000000
   0.0000000000
   0.0000000000
   0.0000000000
   0.0000000000
   0.0000000000
   0.0000000000
   0.0000000000
   0.0000000000
   0.0000000000
***************
   0.0000000000
   0.0000000000
   0.0000000000
***************
   0.0000000000
   0.0000000000
   0.0000000000
***************
   0.0000000000
***************
   0.0000000000
   0.0000000000
***************
   0.0000000000
***************
   0.0000000000
***************
   0.0000000000
***************
   0.0000000000
***************
   0.0000000000
***************
   0.0000000000
***************
   0.0000000000
***************
3600.0000000000
   0.0000000000
***************
   0.0000000000
***************
4560.0000000000
   0.0000000000
   0.0000000000
   0.0000000000
   0.0000000000
   0.0000000000
   0.0000000000
   0.0000000000
   0.0000000000
   0.0000000000
   0.0000000000
   0.0000000000
   0.0000000000
   0.0000000000
   0.0000000000
   0.0000000000
   0.0000000000
   0.0000000000
   0.0000000000
   0.0000000000
   0.0000000000
   0.0000000000
   0.0000000000
   0.0000000000
   0.0000000000
   0.0000000000
   0.0000000000
   0.0000000000
   0.0000000000
   0.0000000000
   0.0000000000
   0.0000000000
   0.0000000000
   0.0000000000
   0.0000000000
   0.0000000000
   0.0000000000
   0.0000000000
   0.0000000000
   0.0000000000
   0.0000000000
   0.0000000000
   0.0000000000
   0.0000000000
   0.0000000000
   0.0000000000
   0.0000000000
   0.0000000000
   0.0000000000
   0.0000000000
   0.0000000000
   0.0000000000
   0.0000000000
   0.0000000000
   0.0000000000
   0.0000000000
   0.0000000000
   0.0000000000
***************
   0.0000000000
   0.0000000000
   0.0000000000
***************
   0.0000000000
***************
   0.0000000000
   0.0000000000
***************
   0.0000000000
***************
   0.0000000000
***************
   0.0000000000
***************
   0.0000000000
***************
   0.0000000000
***************
 900.0000000000
   0.0000000000
7904.0000000000
   0.0000000000
***************
2040.0000000000
   0.0000000000
   0.0000000000
   0.0000000000
   0.0000000000
   0.0000000000
   0.0000000000
   0.0000000000
   0.0000000000
   0.0000000000
   0.0000000000
   0.0000000000
   0.0000000000
   0.0000000000
   0.0000000000
   0.0000000000
   0.0000000000
   0.0000000000
   0.0000000000
   0.0000000000
   0.0000000000
   0.0000000000
   0.0000000000
   0.0000000000
   0.0000000000
   0.0000000000
   0.0000000000
   0.0000000000
   0.0000000000
   0.0000000000
   0.0000000000
   0.0000000000
   0.0000000000
   0.0000000000
   0.0000000000
   0.0000000000
   0.0000000000
   0.0000000000
   0.0000000000
   0.0000000000
   0.0000000000
   0.0000000000
   0.0000000000
   0.0000000000
   0.0000000000
   0.0000000000
   0.0000000000
   0.0000000000
   0.0000000000
   0.0000000000
   0.0000000000
   0.0000000000
   0.0000000000
   0.0000000000
   0.0000000000
***************
   0.0000000000
   0.0000000000
   0.0000000000
***************
   0.0000000000
***************
   0.0000000000
***************
   0.0000000000
***************
   0.0000000000
3536.0000000000
   0.0000000000
4896.0000000000
 960.0000000000
   0.0000000000
   0.0000000000
   0.0000000000
   0.0000000000
   0.0000000000
   0.0000000000
   0.0000000000
   0.0000000000
   0.0000000000
   0.0000000000
   0.0000000000
   0.0000000000
   0.0000000000
   0.0000000000
   0.0000000000
   0.0000000000
   0.0000000000
   0.0000000000
   0.0000000000
   0.0000000000
   0.0000000000
   0.0000000000
   0.0000000000
   0.0000000000
   0.0000000000
   0.0000000000
   0.0000000000
   0.0000000000
   0.0000000000
   0.0000000000
   0.0000000000
   0.0000000000
   0.0000000000
   0.0000000000
   0.0000000000
   0.0000000000
   0.0000000000
   0.0000000000
   0.0000000000
   0.0000000000
   0.0000000000
   0.0000000000
3744.0000000000
   0.0000000000
1232.0000000000
   0.0000000000
1664.0000000000
   0.0000000000
2304.0000000000
 240.0000000000
   0.0000000000
   0.0000000000
   0.0000000000
   0.0000000000
   0.0000000000
   0.0000000000
   0.0000000000
   0.0000000000
   0.0000000000
   0.0000000000
   0.0000000000
   0.0000000000
   0.0000000000
   0.0000000000
   0.0000000000
   0.0000000000
   0.0000000000
   0.0000000000
   0.0000000000
   0.0000000000
   0.0000000000
   0.0000000000
   0.0000000000
   0.0000000000
   0.0000000000
   0.0000000000
   0.0000000000
   0.0000000000
   0.0000000000
***************
   0.0000000000
***************
   0.0000000000
***************
3375.0000000000
   0.0000000000
***************
7650.0000000000
   0.0000000000
***************
***************
   0.0000000000
   0.0000000000
***************
***************
   0.0000000000
   0.0000000000
   0.0000000000
***************
***************
   0.0000000000
   0.0000000000
   0.0000000000
***************
***************
   0.0000000000
   0.0000000000
   0.0000000000
***************
   0.0000000000
   0.0000000000
***************
***************
   0.0000000000
   0.0000000000
   0.0000000000
***************
   0.0000000000
   0.0000000000
***************
***************
   0.0000000000
   0.0000000000
   0.0000000000
***************
   0.0000000000
***************
   0.0000000000
***************
6736.0000000000
   0.0000000000
   0.0000000000
***************
   0.0000000000
***************
2824.0000000000
   0.0000000000
   0.0000000000
***************
   0.0000000000
***************
1216.0000000000
   0.0000000000
   0.0000000000
   0.0000000000
2704.0000000000
   0.0000000000
2720.0000000000
 544.0000000000
   0.0000000000
   0.0000000000
   0.0000000000
 416.0000000000
   0.0000000000
 576.0000000000
 256.0000000000
   0.0000000000
   0.0000000000
   0.0000000000
***************
***************
***************
  64.0000000000
