 Emin                                                                                                                   
  -0.000872131085d0
  Rmin/ang     Rmin/bohr       alpha(morse)-use-with-this-Re(bohr)                                                      
      0.1161287540428520D+01      0.2194515245360671D+01        0.5291772490000000D+00      0.2194727269729504D+01      
r12ref,alpha,De1,De2                                                                                                    
        1.1613997389        0.5291772490         155000.0000          40000.0000                                        
Ae1,Ae2                                                                                                                 
          40000.0000          20000.0000                                                                                
edamp2,edamp4,edamp5,edamp6                                                                                             
             -2.0000             -4.0000             -0.2500             -0.5000                                        
 Ncoe                                                                                                                   
          219                                                                                                           
    0    0    0  0.320605241659D+01
    0    0    1 -0.217779435884D+02
    0    0    2  0.734947388467D+02
    0    0    3 -0.153084348791D+03
    0    0    4  0.208997372693D+03
    0    0    5 -0.188332577008D+03
    0    0    6  0.108216862011D+03
    0    0    7 -0.360034296157D+02
    0    0    8  0.528240709273D+01
    1    0    0 -0.144450326490D+02
    1    0    1  0.101512254831D+03
    1    0    2 -0.337320313557D+03
    1    0    3  0.673727587385D+03
    1    0    4 -0.868582179757D+03
    1    0    5  0.731592563442D+03
    1    0    6 -0.390075464932D+03
    1    0    7  0.119729312062D+03
    1    0    8 -0.161337913085D+02
    1    1    0  0.867312187370D+02
    1    1    1 -0.847856014277D+03
    1    1    2  0.395574156942D+04
    1    1    3 -0.109208499989D+05
    1    1    4  0.190293584647D+05
    1    1    5 -0.211753813717D+05
    1    1    6  0.146138014533D+05
    1    1    7 -0.570499779241D+04
    1    1    8  0.963738474071D+03
    2    0    0 -0.283655584993D+01
    2    0    1  0.219382247631D+03
    2    0    2 -0.147291757483D+04
    2    0    3  0.467882566528D+04
    2    0    4 -0.865343615025D+04
    2    0    5  0.986646425831D+04
    2    0    6 -0.686182720472D+04
    2    0    7  0.267816048244D+04
    2    0    8 -0.450701262010D+03
    2    1    0  0.283296032752D+02
    2    1    1 -0.288168297402D+03
    2    1    2  0.941728451809D+03
    2    1    3 -0.120981441655D+04
    2    1    4 -0.192999916100D+02
    2    1    5  0.179043334194D+04
    2    1    6 -0.203629328424D+04
    2    1    7  0.965692139254D+03
    2    1    8 -0.172778354806D+03
    2    2    0 -0.210218417177D+03
    2    2    1  0.134147240589D+04
    2    2    2 -0.236156535873D+04
    2    2    3 -0.152034949281D+03
    2    2    4  0.351992525454D+04
    2    2    5  0.103372638027D+03
    2    2    6 -0.665219348242D+04
    2    2    7  0.617261332798D+04
    2    2    8 -0.175718175539D+04
    3    0    0 -0.515948330516D+02
    3    0    1  0.369730441774D+03
    3    0    2 -0.180583400573D+04
    3    0    3  0.588963735621D+04
    3    0    4 -0.122041641230D+05
    3    0    5  0.158158951561D+05
    3    0    6 -0.124412699229D+05
    3    0    7  0.544148646967D+04
    3    0    8 -0.101640768845D+04
    3    1    0 -0.135149869941D+03
    3    1    1  0.991975662919D+03
    3    1    2 -0.282232563428D+04
    3    1    3  0.407901288228D+04
    3    1    4 -0.345468188061D+04
    3    1    5  0.246942878466D+04
    3    1    6 -0.215301480728D+04
    3    1    7  0.140042079444D+04
    3    1    8 -0.375027757489D+03
    3    2    0 -0.393248844751D+03
    3    2    1  0.870801240816D+03
    3    2    2  0.107312585239D+04
    3    2    3 -0.373670825471D+04
    3    2    4  0.162381033214D+03
    3    2    5  0.637391437374D+04
    3    2    6 -0.615300691354D+04
    3    2    7  0.179951303021D+04
    3    3    0  0.189290213265D+04
    3    3    1 -0.717188400201D+04
    3    3    2  0.733715180542D+04
    3    3    3  0.991554400888D+03
    3    3    4 -0.420472056661D+04
    3    3    5  0.488704389266D+03
    3    3    6  0.667985370733D+03
    4    0    0 -0.553544260984D+02
    4    0    1  0.121499009461D+04
    4    0    2 -0.652126715299D+04
    4    0    3  0.159457963617D+05
    4    0    4 -0.190586866098D+05
    4    0    5  0.777687238187D+04
    4    0    6  0.556959131987D+04
    4    0    7 -0.687075645865D+04
    4    0    8  0.200221309077D+04
    4    1    0  0.741561892268D+03
    4    1    1 -0.329323733522D+04
    4    1    2  0.474322389801D+04
    4    1    3 -0.469606814523D+03
    4    1    4 -0.604495959676D+04
    4    1    5  0.746411139100D+04
    4    1    6 -0.406984601614D+04
    4    1    7  0.929682725723D+03
    4    2    0  0.130306938321D+04
    4    2    1 -0.727103912181D+04
    4    2    2  0.137100902135D+05
    4    2    3 -0.598857190897D+04
    4    2    4 -0.105650357180D+05
    4    2    5  0.129520224301D+05
    4    2    6 -0.411852628660D+04
    4    3    0  0.650004555532D+03
    4    3    1  0.154946905094D+04
    4    3    2 -0.550575543233D+04
    4    3    3  0.336246294472D+03
    4    3    4  0.625987621390D+04
    4    3    5 -0.332978308618D+04
    4    4    0 -0.199567819723D+04
    4    4    1 -0.506043053910D+04
    4    4    2  0.676475499246D+04
    4    4    3  0.972428295729D+04
    4    4    4 -0.961232601455D+04
    5    0    0 -0.124759975531D+04
    5    0    1  0.828700654737D+04
    5    0    2 -0.213634794377D+05
    5    0    3  0.246378143799D+05
    5    0    4 -0.707374328761D+04
    5    0    5 -0.111827238046D+05
    5    0    6  0.108425993964D+05
    5    0    7 -0.290335537588D+04
    5    1    0  0.104055621662D+04
    5    1    1 -0.571541645370D+04
    5    1    2  0.108194570211D+05
    5    1    3 -0.437426306466D+04
    5    1    4 -0.104006439366D+05
    5    1    5  0.129956826848D+05
    5    1    6 -0.435865761907D+04
    5    2    0 -0.159326684889D+04
    5    2    1  0.481130075422D+04
    5    2    2 -0.440102214366D+04
    5    2    3 -0.119032136578D+04
    5    2    4  0.408478015082D+04
    5    2    5 -0.170848907637D+04
    5    3    0 -0.581349569935D+04
    5    3    1  0.136982222387D+05
    5    3    2 -0.256652213242D+04
    5    3    3 -0.113593387310D+05
    5    3    4  0.574360821312D+04
    5    4    0  0.813760260584D+04
    5    4    1 -0.512625264191D+04
    5    4    2 -0.710568894587D+04
    5    4    3  0.520110045782D+04
    5    5    0 -0.159300396955D+05
    5    5    1  0.255313101296D+04
    5    5    2  0.154773964007D+05
    6    0    0  0.526478684632D+03
    6    0    1 -0.279224366405D+04
    6    0    2  0.426368536771D+04
    6    0    3  0.251965036351D+04
    6    0    4 -0.133327691815D+05
    6    0    5  0.129255642995D+05
    6    0    6 -0.410379940510D+04
    6    1    0 -0.419323499825D+04
    6    1    1  0.139770654745D+05
    6    1    2 -0.136426298222D+05
    6    1    3 -0.269770716495D+04
    6    1    4  0.115945029977D+05
    6    1    5 -0.504829656857D+04
    6    2    0  0.548056192175D+04
    6    2    1 -0.970069858921D+04
    6    2    2 -0.391352100237D+03
    6    2    3  0.690224689945D+04
    6    2    4 -0.235619923265D+04
    6    3    0  0.323968571487D+04
    6    3    1 -0.302897428361D+04
    6    3    2 -0.681359345600D+04
    6    3    3  0.732101011018D+04
    6    4    0 -0.206219917473D+03
    6    4    1 -0.876333591070D+03
    6    4    2  0.232555952215D+04
    6    5    0 -0.714844660589D+02
    6    5    1 -0.158195539286D+05
    6    6    0  0.308126217455D+05
    7    0    0  0.291413140858D+03
    7    0    1 -0.143829199766D+04
    7    0    2 -0.100824138021D+03
    7    0    3  0.692262835499D+04
    7    0    4 -0.941094691905D+04
    7    0    5  0.373135708333D+04
    7    1    0  0.289848720668D+04
    7    1    1 -0.462937579966D+04
    7    1    2 -0.138646872105D+04
    7    1    3  0.458530052425D+04
    7    1    4 -0.150767984305D+04
    7    2    0 -0.655056239986D+04
    7    2    1  0.101376627373D+05
    7    2    2  0.555187837651D+04
    7    2    3 -0.906705107341D+04
    7    3    0 -0.720542153004D+04
    7    3    1  0.367270451222D+04
    7    3    2  0.509081842967D+04
    7    4    0 -0.108018070911D+04
    7    4    1 -0.705984266726D+04
    7    5    0  0.150810870344D+05
    8    0    0  0.188198400735D+04
    8    0    1 -0.610856584995D+04
    8    0    2  0.614745661790D+04
    8    0    3 -0.127583255190D+04
    8    0    4 -0.636995154482D+03
    8    1    0 -0.266751371464D+04
    8    1    1  0.587573005320D+04
    8    1    2 -0.299719108263D+04
    8    1    3 -0.363213125969D+02
    8    2    0 -0.526161289512D+04
    8    2    1  0.679710172138D+04
    8    2    2 -0.711026185855D+03
    8    3    0  0.238838646786D+05
    8    3    1 -0.294161448389D+05
    8    4    0  0.681292547478D+04
