  0.000000000000000E+000
   6.28363503121169     
  0.293219416434904     
 -4.393352377967664E-009
  9.526107220122469E-010
  3.347384041120363E-009
  -4.09238941565943     
  -2.42736544281022     
  -3.28409644195630     
  0.722901346669188     
  -1.71474903732838     
  -5.34743895372243     
  -26.3229325441304     
 -0.336279644417230     
  3.845372274975353E-010
 -8.151834506293630E-010
  -1.60778864610266     
  1.958751884852597E-012
  0.394470428293011     
   9.83776334789876     
   1.43723871249957     
   1.15605040453553     
  1.103943957922015E-010
  5.181777454954003E-012
 -4.225379057866682E-012
  -4.67401960498754     
   14.1941312027716     
  -2.34922245296478     
  5.221368391866538E-011
 -6.609059872163906E-012
  2.894301008326086E-011
  -11.2423264769296     
  -9.77705958196762     
  -7.04748750748982     
   10.3634202179275     
  -4.01572732968322     
  -10.3745244223900     
   16.6597735628109     
   15.6947409867883     
   11.0146127376465     
   11.7131299867494     
   40.6697736883525     
  -2.17485841063942     
  0.264925141666318     
   12.4308048176752     
   10.5081408258169     
  -1.87691069945705     
  -19.3033950985802     
  -12.1640753730744     
  -5.62336095756646     
   7.72677937958007     
   10.6316438445742     
   4.03938523813531     
  -5.08254604348034     
   18.2409988256696     
   6.33230310505130     
  -1.30839445606664     
 -5.538763222683366E-012
 -0.754422677517508     
   6.70999713029980     
   2.04753849221449     
  0.761063342387786     
  -1.81552516878028     
  -4.17281443508930     
  -16.4283730771022     
   7.24110062045209     
   13.6040215509160     
   11.0753517208622     
  -4.05363338218840     
   49.5134237775416     
   4.95158586943303     
   6.60727686196291     
  -3.55637303467405     
  -34.0481340219681     
  -4.05660708917049     
   10.2393369378857     
 -2.512205833486252E-013
  0.725101789519679     
  -7.51184626864219     
  -12.7845045325188     
  -8.68651718562308     
  -11.7437820606414     
  9.790843272161309E-013
  -12.4799249102802     
   9.30535387046068     
   18.1781484963005     
   3.26988697254816     
  8.573189622778180E-013
   7.70269749970805     
 -0.310250558916338     
 -0.347056359312125     
   10.7509180300081     
  -2.69187034553372     
  -2.44398214257698     
  -10.5886407452337     
   15.7540096765022     
   37.2525453822131     
   7.54063803211424     
  -8.51852200192322     
   4.11350104327634     
   8.75591004519998     
  -25.3936390621490     
  -2.70094069631292     
   3.60748287875822     
   4.66039303229562     
  -14.2089667586895     
  -1.28241173689190     
  7.450236909898216E-014
 -2.659142719344775E-013
  -8.29784000755459     
   2.97905231232388     
   1.15220007492612     
  1.384266674100472E-013
 -7.584050475293360E-014
   5.51207830638535     
  7.537219606912779E-014
 -0.663661075863311     
   10.6972281345049     
  -6.16830924190647     
   1.41493786264670     
  2.879609910266383E-014
 -4.318172075567037E-013
  1.050833420204650E-013
  -1.88297627650769     
 -7.368211821839613E-002
   3.42544570293090     
 -9.926632430171734E-014
  2.493149084809946E-014
  6.948893603516556E-014
  -22.2736364170441     
  -14.8146717234797     
  5.039809671176337E-002
 -7.013470246872469E-014
 -1.985728309973862E-014
  3.560302292795030E-014
  -14.0153035554061     
  -10.6966968770088     
  -16.0033616883086     
   1.35446235835522     
   8.19318448864254     
  -6.49568420870155     
   5.94938674914745     
  -3.28558642435053     
   1.64581647327054     
   17.5540792498969     
   26.7124718702436     
   7.19579332281974     
   19.0403143838275     
   3.42996741719377     
  -32.7083884615859     
  -6.75085334966802     
   16.2544721058417     
  -14.2088180145207     
  -10.6119403080115     
  -6.21005263714710     
  -20.7880523837275     
   13.7951126423753     
   2.88967322170694     
  -9.99001604932139     
  -1.31075124948167     
  -2.84628530700408     
  -15.4111138707258     
   3.31078078190713     
   1.17965299188735     
  -10.4906829328773     
   1.65825809008778     
  -13.5360292888223     
   11.8418289396366     
  -2.00961665467745     
  -6.82672225465262     
   56.2706564893217     
   7.15288698776829     
  -6.69835019361041     
  -7.69886364364854     
  -13.5726926428746     
   9.82402448583976     
   10.2897414268362     
   13.4223088828319     
  -6.44030064977000     
  -18.2105242534731     
  -19.5258544481501     
  -9.68180392464740     
   13.1228412076724     
  -3.71147534096081     
  -31.4663383476096     
  -58.4506479073618     
  -2.35505636205687     
  -3.71769165897043     
  -13.1093306578737     
  -6.10955894878453     
   9.70415794202123     
   6.70075685406259     
  -28.0791734520316     
   5.15760347576516     
   14.4283195142164     
   8.70426003236870     
  -23.7342126541527     
 -0.335088331727945     
   48.9841556674957     
  -15.1933840790121     
  -8.16687354619941     
  -14.2582797326330     
   5.95232197693180     
   8.43940733906619     
  -8.33203326513907     
   11.1955219334237     
  -11.8641151555337     
   25.3846923266028     
   11.3670050105448     
  -34.3023094796639     
   1.06985650841969     
   4.85095103880140     
  -1.43035943133919     
  -21.2506104129675     
  -24.8300213442878     
   7.60578134907167     
   11.7329737533019     
   19.1639710934223     
  -5.15871982232771     
  -33.9217223790905     
   5.96950352429099     
  -14.2040154945027     
   9.54408020087005     
  -4.55855096065785     
  -3.39451822369788     
  -21.8404492736458     
  -4.77185971638772     
  -8.65256982587656     
   13.7055018968049     
   23.8904436213865     
  -2.79299604719139     
   28.4735986125449     
  -15.4391555615099     
   2.73105074171795     
   5.44046342379723     
  -11.0577538503612     
   23.4044024839578     
  -4.64769448451765     
   12.1299783231112     
   23.9225256603035     
  -6.39387070226474     
  -15.6814347487626     
   6.00239653997590     
   1.70395791110005     
   4.83917050468114     
  -40.5956248526717     
   3.23599251214449     
   3.63529523627288     
   17.4397991375252     
  -36.7081831222810     
   3.04138476445479     
  -9.08337308399750     
  -2.71103788608178     
   14.8019530054353     
  -15.9316082400560     
  -7.88038142812775     
  -26.5077944571181     
  -42.4364610240754     
 -0.943955958882949     
  -12.9828970295363     
 -6.915153867349163E-016
  -10.1574584597027     
   29.8298529128745     
   9.83682208447087     
  -1.84894946589651     
   14.4724553387873     
   4.02135392728787     
  -7.78685005003952     
   11.2425849745080     
  -24.9530321423660     
   51.7647743824454     
   19.0604688352355     
  -4.77297838949905     
 -0.440202329394739     
  -39.1479377794300     
  -4.23421224402056     
  -18.4008285694630     
   33.5916641295321     
   48.5109812020511     
  -6.12803363270574     
   17.6068321629435     
   15.3629699595327     
   11.9849778177504     
   6.10232675024410     
  -12.1432385210727     
  -12.3268494451556     
 -0.242689174669864     
   28.7422368798053     
  -1.33779878717628     
   5.45831453939631     
   11.3987461796086     
  -10.5675190129379     
  -33.5763702450101     
  -35.9949163977233     
   8.79350143068602     
  -15.8744675534873     
   3.38131315843815     
   3.90410303782421     
  -6.70639098854877     
  -16.1070223042877     
   4.55064494788100     
   11.0221306227557     
  -3.34738704036362     
   30.8016406062831     
  -3.21006125786368     
   12.2907703430466     
   2.19985182013755     
  -17.1548610752829     
   6.35504028095024     
   10.1513183847985     
  -3.11191428226677     
   3.30412086720914     
  -8.60067491500543     
   18.6655599905304     
   17.1241915992303     
   3.95450356300236     
  -9.10622802066452     
  -4.23424829899289     
   1.43213208583006     
  -7.09651281078445     
  -16.6926447596830     
   2.24610837566392     
   5.16696302301577     
   7.65762292548477     
   2.05766132202249     
 -0.128529616683641     
  -9.66468490337752     
  0.689192364424830     
  0.569517090407425     
 -0.939683823445000     
  -14.3145672378665     
  -2.74460819087708     
 -0.305881684525032     
   6.13869565550737     
 -0.918968134456046     
  -5.16068902741175     
  0.377516174365349     
   12.2127826962480     
  -11.8749283328148     
   2.51520915385258     
  0.143813644527087     
 -3.063563101608108E-029
  -4.08038679511511     
   13.7439811826450     
   1.00979079584370     
 -0.778024354505313     
  -18.1878392821802     
  -25.9876249997229     
  -3.01745525547583     
   9.66804381752081     
   1.47139274306788     
  -35.7039679931315     
  -1.24884555176881     
  0.297804036928673     
  -7.20168848544435     
   32.8922215091962     
  -6.28811932934197     
  -1.16842859169494     
   62.6872131966178     
  1.682945935262529E-027
   9.11658824044556     
   32.3041005836128     
  -4.71189176118471     
 -0.586765934729706     
   2.82519395285768     
  -4.94257168737679     
   12.6056470305813     
  -13.3764690642317     
  -17.1152895771269     
   29.6172878907614     
  -1.86498118163792     
   7.44678550021757     
  3.321774288643476E-028
   11.4192468845719     
   27.8782489849103     
   38.5393593728231     
 -0.468612060287186     
  0.404486416725097     
  -3.62887372866276     
  -13.5393043359530     
  -30.3294995564652     
   6.84417474498293     
  0.886682223505516     
   17.3500728965632     
  -1.43397784886926     
  -6.77282594989706     
   11.0518429804801     
  -10.4032916383709     
   8.98816905975635     
   9.65417402804728     
  -7.80903562870252     
   28.7841970303487     
  -8.13188419847128     
  -57.7751053194966     
  0.726972347187838     
   13.3163597144209     
  0.108074692199793     
   5.91918706365271     
   14.6574924608556     
  -9.95366492794518     
  1.530132891412562E-027
   26.4234054122635     
  -2.61735343310470     
   4.83284375703892     
  1.020661093254176E-027
  0.896584277974880     
  -5.93756781221144     
  -10.3334962568280     
   6.87679188460002     
   4.17112395608872     
  2.090520662335648E-027
   21.1294093252579     
  -11.2557257279241     
  4.683806611210877E-028
  -17.1612888478239     
   2.64344042969963     
   1.93508335832138     
   5.43128868788050     
  1.196728186158061E-027
   2.49884412011456     
  -8.32905876505614     
  -27.1467464314078     
  -61.3865737649244     
 -4.624183032445405E-028
   8.40343088275315     
  -1.02208463506074     
   1.94728463070985     
   6.35363204767892     
   2.03110120174073     
   11.5947565661089     
  -24.8746657380174     
   3.64046156102843     
  -3.66261875939457     
  -7.83060783489874     
  -4.39674986553713     
   3.38891357831317     
  -7.43453867920511     
   4.10276858071689     
  -18.6034114668616     
  -2.61537077465311     
   10.5441349574520     
  -3.23831377737303     
  -11.3547499307624     
  4.223434768164602E-028
   2.49746346437316     
  -9.49015448304171     
  -16.6471342746836     
   11.3462336439845     
   3.20171020605514     
 -1.374836562045800E-028
  -1.79454633268559     
  -8.13499582195111     
   63.1371405315333     
   62.0459162058455     
  1.838256790636498E-028
  -29.3045838550934     
   20.9083549513032     
  -17.4563390742630     
  -25.9495723363595     
   4.13182886594401     
  -19.8405374568592     
   37.4993368525752     
  -15.7951437778308     
   29.0324986488932     
  -53.3333630319726     
  0.932570722189701     
   1.38363125921815     
  -4.84097159513646     
   12.5419178432732     
   1.30015673383635     
  -13.7698061399366     
 -0.555217087541994     
  -11.9095313272943     
  -7.65639321438484     
  -3.25136263467087     
   14.6266078673173     
   3.29499970924160     
  -2.62418880762370     
  -7.49533799215530     
  -13.1584484321740     
 -0.371082328756352     
 -8.351960180120102E-039
  4.323794327746923E-038
  -18.8594038931107     
  -4.53634441592078     
  0.697840452006443     
 -4.825212562025624E-038
 -6.990052572443835E-039
   4.21086910322196     
 -1.082803361986895E-039
  0.164048840429521     
   2.95244242414162     
   7.51945397044679     
 -0.312760620429106     
  6.580244036568891E-038
  8.123500832416812E-038
  -2.89303538937777     
 -6.999696645732880E-043
  0.183485513938388     
  -2.37505217915970     
   2.86113837865566     
 -0.460438108112347     
  8.618134403897263E-043
  1.606422170161852E-043
 -8.851579740164529E-054
   4.50487592878678     
  -1.54084003572138     
  -20.4488472248122     
 -2.117123704887923E-053
 -1.126076847589376E-054
 -1.560361282255081E-056
   13.0721123552994     
  -1.59379161673061     
 -0.209008270184219     
   41.6328961473228     
  6.910660855640023E-072
 -1.280818291925774E-071
  1.223464576370342E-072
   26.6555991122653     
 -0.835677931837769     
  0.201491210875939     
  0.000000000000000E+000
  0.000000000000000E+000
  0.000000000000000E+000
