       1    -0.00031505
       2    -0.00057378
       3    -0.00098280
       4     0.00043131
       5    -0.00034830
       6    -0.00024898
       7     0.00023541
       8    -0.00009008
       9    -0.00041583
      10    -0.00075867
      11    -0.00046126
      12    -0.00040380
      13    -0.00045588
      14    -0.00053633
      15    -0.00080008
      16     0.00005188
      17    -0.00022281
      18     0.00006880
      19    -0.00017443
      20    -0.00061911
      21    -0.00089820
      22    -0.00000678
      23    -0.00061053
      24    -0.00016533
      25    -0.00019004
      26    -0.00020108
      27     0.00006892
      28    -0.00000467
      29    -0.00064184
      30    -0.00015630
      31    -0.00010412
      32    -0.00005053
      33    -0.00005209
      34    -0.00004193
      35    -0.00020755
      36    -0.00013181
      37     0.00001521
      38     0.00028364
      39    -0.00010891
      40    -0.00014462
      41     0.00019392
      42    -0.00022917
      43    -0.00032204
      44    -0.00014020
      45    -0.00005706
      46    -0.00029627
      47    -0.00004611
      48    -0.00022843
      49     0.00003881
      50    -0.00025937
      51    -0.00000591
      52    -0.00022859
      53     0.00009678
      54    -0.00006763
      55     0.00018649
      56    -0.00003419
      57    -0.00017733
      58    -0.00006264
      59    -0.00014544
      60     0.00009844
      61    -0.00011320
      62    -0.00011409
      63     0.00015236
      64    -0.00006072
      65     0.00023268
      66    -0.00001553
      67    -0.00002462
      68    -0.00002635
      69     0.00010545
      70     0.00010273
      71    -0.00002870
      72    -0.00002453
      73     0.00007386
      74     0.00015239
      75     0.00002197
      76     0.00003195
      77     0.00000465
      78     0.00001401
      79     0.00002262
      80    -0.00000263
      81    -0.00000926
      82    -0.00001069
      83    -0.00004560
      84     0.00000844
      85    -0.00000939
      86     0.00001516
      87     0.00004301
      88    -0.00004137
      89     0.00003450
      90     0.00000032
      91     0.00001630
      92     0.00000948
      93    -0.00003114
      94    -0.00001716
      95    -0.00003229
      96    -0.00005387
      97    -0.00001991
      98    -0.00002230
      99     0.00000922
     100    -0.00000124
     101    -0.00029096
     102     0.00031323
     103     0.00005031
     104    -0.00029119
     105    -0.00003628
     106    -0.00013343
     107    -0.00001796
     108     0.00016715
     109    -0.00026188
     110     0.00014016
     111    -0.00016121
     112     0.00042587
     113    -0.00031473
     114     0.00011373
     115    -0.00030427
     116     0.00002131
     117    -0.00012730
     118    -0.00014161
     119    -0.00014419
     120    -0.00060908
     121    -0.00005399
     122    -0.00018935
     123    -0.00045505
     124    -0.00022928
     125     0.00008625
     126     0.00021946
     127    -0.00011832
     128    -0.00005659
     129    -0.00023745
     130    -0.00024355
     131    -0.00038310
     132     0.00009417
     133     0.00012062
     134    -0.00017510
     135     0.00017850
     136     0.00019387
     137    -0.00022293
     138    -0.00001637
     139    -0.00003401
     140     0.00021014
     141     0.00003670
     142    -0.00012908
     143     0.00002701
     144    -0.00003947
     145     0.00001702
     146    -0.00001129
     147    -0.00016404
     148     0.00027721
     149     0.00001142
     150     0.00005225
     151    -0.00007074
     152     0.00011101
     153     0.00008010
     154     0.00003524
     155    -0.00010677
     156     0.00003933
     157     0.00004239
     158    -0.00001180
     159    -0.00003269
     160     0.00012495
     161    -0.00010942
     162     0.00000086
     163     0.00003121
     164     0.00002827
     165     0.00006616
     166    -0.00014351
     167    -0.00005331
     168     0.00013875
     169     0.00006076
     170     0.00002262
     171    -0.00002698
     172     0.00004681
     173    -0.00012848
     174     0.00000455
     175    -0.00002656
     176     0.00000920
     177     0.00003195
     178    -0.00001207
     179     0.00000311
     180    -0.00001213
     181    -0.00000654
     182     0.00001302
     183    -0.00002324
     184    -0.00002148
     185    -0.00000285
     186     0.00002416
     187    -0.00000739
     188    -0.00000400
     189     0.00001349
     190    -0.00002979
     191    -0.00000633
     192    -0.00001058
     193     0.00000083
     194     0.00002140
     195     0.00002130
     196     0.00000249
     197     0.00002224
     198    -0.00001224
     199    -0.00002623
     200    -0.00001798
     201    -0.00005364
     202    -0.00030551
     203    -0.00005946
     204    -0.00007669
     205     0.00017136
     206    -0.00014550
     207     0.00000040
     208     0.00015144
     209     0.00004008
     210    -0.00021643
     211     0.00007610
     212     0.00015982
     213    -0.00000591
     214    -0.00015303
     215     0.00016221
     216     0.00012709
     217     0.00011574
     218     0.00007081
     219    -0.00004377
     220     0.00028198
     221     0.00018383
     222     0.00026718
     223     0.00011737
     224     0.00007471
     225     0.00009066
     226    -0.00002423
     227    -0.00005785
     228    -0.00004494
     229    -0.00003531
     230     0.00006771
     231     0.00025897
     232     0.00008855
     233    -0.00002700
     234    -0.00010130
     235     0.00011453
     236     0.00006261
     237     0.00004460
     238     0.00000441
     239     0.00009235
     240     0.00001090
     241     0.00004735
     242     0.00002735
     243     0.00002357
     244     0.00007153
     245    -0.00003467
     246     0.00007390
     247     0.00017401
     248     0.00016370
     249     0.00011444
     250     0.00002645
     251     0.00003242
     252     0.00005434
     253     0.00011645
     254     0.00001968
     255     0.00006077
     256     0.00003604
     257     0.00000527
     258     0.00007889
     259     0.00002358
     260    -0.00004224
     261     0.00003142
     262    -0.00002962
     263     0.00003939
     264     0.00003248
     265    -0.00001895
     266     0.00005467
     267     0.00002619
     268    -0.00001223
     269     0.00008137
     270     0.00000258
     271     0.00004343
     272     0.00007837
     273     0.00005711
     274     0.00006140
     275     0.00003407
     276    -0.00000920
     277    -0.00001455
     278    -0.00000619
     279     0.00000623
     280    -0.00000652
     281     0.00001765
     282    -0.00000404
     283     0.00000893
     284     0.00001025
     285     0.00000741
     286    -0.00000535
     287     0.00000614
     288     0.00000883
     289     0.00000737
     290     0.00000300
     291     0.00000152
     292    -0.00001583
     293     0.00000246
     294     0.00001102
     295    -0.00000540
     296     0.00000522
     297    -0.00001421
     298    -0.00000727
     299    -0.00001214
     300    -0.00001464
     301     0.00001167
     302     0.00001772
     303     0.00003463
     304    -0.00003436
     305     0.00002286
     306    -0.00002639
     307    -0.00001086
     308     0.00001604
     309     0.00000312
     310    -0.00008166
     311    -0.00003553
     312     0.00001196
     313     0.00004922
     314     0.00002423
     315    -0.00003891
     316     0.00006408
     317    -0.00002740
     318     0.00001229
     319     0.00001442
     320    -0.00000365
     321    -0.00003582
     322    -0.00000327
     323     0.00002433
     324     0.00005139
     325    -0.00000459
     326    -0.00000062
     327     0.00001926
     328    -0.00000489
     329    -0.00000917
     330    -0.00000705
     331    -0.00000236
     332    -0.00000547
     333     0.00000346
     334     0.00001594
     335     0.00003114
     336    -0.00002927
     337     0.00001461
     338    -0.00001087
     339    -0.00002323
     340    -0.00001778
     341     0.00001076
     342    -0.00001176
     343    -0.00001438
     344     0.00001069
     345     0.00001390
     346    -0.00001211
     347    -0.00000819
     348    -0.00000972
     349    -0.00001018
     350    -0.00000281
     351    -0.00000736
     352     0.00001274
     353    -0.00000705
     354    -0.00000129
     355    -0.00000755
     356     0.00000881
     357     0.00001222
     358     0.00001241
     359    -0.00000110
     360     0.00000933
     361    -0.00000018
     362    -0.00000784
     363     0.00000638
     364     0.00002081
     365    -0.00002030
     366    -0.00000018
     367    -0.00001355
     368     0.00000497
     369    -0.00000523
     370    -0.00001573
     371    -0.00001342
     372    -0.00000654
     373    -0.00000075
     374     0.00000168
     375     0.00000511
     376    -0.00000293
     377     0.00000353
     378    -0.00000438
     379     0.00000352
     380     0.00000048
     381    -0.00000050
     382     0.00000126
     383    -0.00000136
     384    -0.00000046
     385     0.00000062
     386    -0.00000416
     387    -0.00000097
     388     0.00000155
     389    -0.00000238
     390     0.00000257
     391    -0.00000071
     392     0.00000246
     393     0.00000006
     394     0.00000207
     395    -0.00000173
     396    -0.00000110
     397    -0.00000056
     398    -0.00000284
     399    -0.00000050
     400    -0.00000261
     401     0.00025108
     402     0.00007760
     403     0.00003648
     404     0.00004831
     405     0.00028118
     406    -0.00005384
     407     0.00008366
     408    -0.00036392
     409     0.00009232
     410     0.00033413
     411    -0.00001790
     412     0.00031026
     413    -0.00041840
     414    -0.00010352
     415    -0.00044624
     416    -0.00030547
     417     0.00047645
     418    -0.00004075
     419    -0.00034430
     420     0.00025348
     421     0.00027291
     422    -0.00065625
     423    -0.00061410
     424    -0.00053743
     425    -0.00058176
     426     0.00002699
     427     0.00021243
     428     0.00043669
     429    -0.00007622
     430     0.00014961
     431     0.00012903
     432    -0.00023137
     433    -0.00010178
     434     0.00015996
     435    -0.00015838
     436    -0.00014033
     437     0.00001431
     438     0.00007983
     439     0.00024287
     440    -0.00002783
     441    -0.00027532
     442     0.00015153
     443    -0.00015673
     444     0.00004047
     445     0.00015519
     446    -0.00032016
     447     0.00027308
     448     0.00002257
     449    -0.00014913
     450    -0.00011044
     451    -0.00000791
     452    -0.00003393
     453    -0.00015622
     454     0.00003997
     455    -0.00003911
     456     0.00002536
     457     0.00010431
     458    -0.00010004
     459     0.00001530
     460     0.00003293
     461     0.00020690
     462    -0.00008949
     463     0.00002194
     464     0.00004509
     465     0.00004754
     466    -0.00012511
     467     0.00014037
     468    -0.00006071
     469    -0.00002732
     470     0.00007923
     471    -0.00010333
     472     0.00004955
     473    -0.00014798
     474     0.00009598
     475     0.00001649
     476     0.00001942
     477    -0.00003047
     478    -0.00000169
     479    -0.00001437
     480     0.00000638
     481     0.00000749
     482    -0.00001843
     483     0.00001375
     484     0.00000550
     485     0.00000665
     486    -0.00003172
     487    -0.00001586
     488    -0.00000898
     489     0.00003656
     490    -0.00000834
     491    -0.00001626
     492     0.00000533
     493    -0.00001952
     494     0.00000694
     495    -0.00000037
     496     0.00001073
     497    -0.00002291
     498    -0.00001293
     499     0.00002004
     500    -0.00000309
     501     0.00008875
     502    -0.00025542
     503    -0.00034575
     504     0.00011620
     505     0.00000348
     506    -0.00006236
     507     0.00000378
     508     0.00028831
     509     0.00000433
     510    -0.00036158
     511     0.00011618
     512    -0.00011912
     513    -0.00014354
     514    -0.00011190
     515     0.00048961
     516    -0.00006974
     517     0.00010337
     518     0.00015297
     519    -0.00002552
     520    -0.00014167
     521     0.00022318
     522     0.00033116
     523    -0.00018223
     524    -0.00016694
     525    -0.00017412
     526     0.00009550
     527     0.00020116
     528     0.00007344
     529     0.00005247
     530     0.00029331
     531    -0.00000612
     532     0.00002114
     533    -0.00028543
     534    -0.00004952
     535    -0.00001303
     536     0.00024424
     537    -0.00010005
     538     0.00004933
     539     0.00003510
     540    -0.00009935
     541    -0.00013041
     542     0.00025663
     543     0.00009219
     544     0.00017375
     545    -0.00012456
     546    -0.00002450
     547    -0.00013266
     548    -0.00009689
     549    -0.00016393
     550     0.00019316
     551    -0.00009638
     552     0.00005422
     553     0.00006745
     554     0.00000035
     555    -0.00005321
     556    -0.00004190
     557     0.00006284
     558    -0.00004938
     559     0.00006478
     560    -0.00004841
     561     0.00002627
     562    -0.00008344
     563     0.00002444
     564     0.00007370
     565     0.00000922
     566     0.00005933
     567     0.00000249
     568    -0.00007651
     569     0.00007232
     570    -0.00003444
     571     0.00011843
     572    -0.00001810
     573    -0.00001743
     574     0.00000543
     575     0.00006665
     576    -0.00001575
     577    -0.00000583
     578     0.00000050
     579     0.00002509
     580     0.00001478
     581    -0.00000969
     582     0.00001066
     583    -0.00001188
     584     0.00001264
     585    -0.00000131
     586     0.00001303
     587     0.00001598
     588     0.00001887
     589    -0.00000965
     590     0.00001991
     591     0.00000763
     592     0.00000992
     593     0.00000057
     594    -0.00000022
     595    -0.00001540
     596    -0.00001860
     597    -0.00001048
     598    -0.00001148
     599     0.00001426
     600    -0.00001889
     601     0.00021735
     602     0.00004418
     603    -0.00013936
     604     0.00008645
     605     0.00018876
     606     0.00002804
     607     0.00020917
     608    -0.00011729
     609     0.00006171
     610     0.00010395
     611     0.00013872
     612    -0.00004134
     613     0.00009977
     614    -0.00009494
     615    -0.00019090
     616     0.00007535
     617     0.00010390
     618    -0.00008500
     619    -0.00007642
     620    -0.00003641
     621     0.00006119
     622     0.00011691
     623    -0.00002685
     624    -0.00013409
     625     0.00004699
     626    -0.00002218
     627     0.00002160
     628     0.00006094
     629     0.00009943
     630    -0.00005559
     631    -0.00001138
     632     0.00002124
     633    -0.00000454
     634    -0.00000453
     635     0.00014538
     636     0.00005133
     637     0.00000182
     638     0.00013584
     639    -0.00006374
     640     0.00006415
     641    -0.00002160
     642    -0.00002123
     643    -0.00004638
     644    -0.00006843
     645     0.00006765
     646     0.00006254
     647     0.00006380
     648     0.00002372
     649     0.00001709
     650     0.00003142
     651     0.00005719
     652    -0.00004218
     653     0.00004153
     654    -0.00001334
     655     0.00000264
     656     0.00004107
     657     0.00004365
     658    -0.00002649
     659     0.00005319
     660    -0.00004379
     661     0.00000387
     662     0.00003626
     663     0.00000859
     664    -0.00007876
     665     0.00005049
     666     0.00002859
     667    -0.00002035
     668     0.00002391
     669     0.00001701
     670     0.00006342
     671     0.00002167
     672     0.00010320
     673     0.00001538
     674    -0.00001157
     675    -0.00002725
     676     0.00000123
     677    -0.00000620
     678    -0.00000620
     679     0.00000524
     680    -0.00000599
     681    -0.00001643
     682     0.00000452
     683    -0.00000213
     684    -0.00000704
     685    -0.00000962
     686    -0.00000005
     687    -0.00000943
     688     0.00001138
     689     0.00000152
     690    -0.00001240
     691     0.00000681
     692     0.00000174
     693     0.00001322
     694     0.00000350
     695     0.00000281
     696    -0.00000652
     697     0.00000337
     698    -0.00001144
     699    -0.00000148
     700     0.00000650
     701    -0.00004052
     702    -0.00002253
     703     0.00002333
     704     0.00001713
     705    -0.00000230
     706     0.00002898
