  0.000000000000000E+000
  2.736023171494658E-009
  1.489615491867652E-002
 -3.213307780214444E-002
 -1.003436332066622E-009
  3.450036785357314E-010
 -8.365052257447916E-010
 -4.542040853821361E-002
  5.922090296329530E-002
 -0.390747820955385     
  -8.88838885415104     
 -2.030222392314733E-010
  6.922689194540638E-010
  0.154752124103579     
   2.98989052387671     
 -0.232624322694211     
 -0.233612389808301     
  -3.33328302941162     
  0.396415163708050     
  1.091616665606160E-010
 -3.794059470797864E-002
  8.394317926976685E-002
 -1.616508841252348E-010
 -1.065898890603820E-011
  6.892531502804478E-002
   5.26242689349690     
 -3.747243223822006E-011
 -4.567080123694602E-011
  1.847836774594536E-002
  0.332448654173111     
 -0.171791028011451     
   3.62447130540164     
   18.1069265011743     
  6.108865501375926E-011
 -0.361267933982347     
 -0.430672702944419     
 -0.238660988522614     
  -5.61992655111870     
  -5.93696008483177     
  0.540043654100742     
   3.72717893994806     
   1.00796541740485     
  0.161833128681384     
  -2.20602076812835     
  0.272876349791087     
   6.33168941549091     
   5.92237282820584     
 -0.272151721049134     
  -2.82944183897286     
 -0.138816628149408     
 -0.517301392907619     
  -3.43297808478460     
   12.8083991633257     
  -1.60315173941489     
  -7.90357169782165     
 -3.305117308151033E-011
  0.152263686128826     
 -0.315140987756460     
   1.35413373301309     
   28.5192751639954     
  4.520427217356923E-011
 -4.203123956728206E-011
 -0.290668612098600     
  -8.94710282303453     
   2.82192473850334     
   2.24886874127022     
   7.19590792482607     
  -3.20608611281652     
  2.746879528203700E-011
 -3.209018661607321E-002
  6.887824784920193E-002
  0.278554095807252     
 -0.283029025101879     
  -4.01389588240045     
  -7.25846538342772     
  -8.33105960341680     
  1.181583378554348E-011
 -8.233831883708015E-011
  0.644201248044417     
   6.05657180044285     
   5.90698419041828     
  3.240104352319566E-012
  4.583289464742746E-012
  0.290600462000403     
   1.81029899991678     
  -2.50491468644530     
  2.367993950181724E-002
  -5.75491167382730     
   4.00327828501146     
 -1.112605860274400E-011
 -0.227379955100595     
  -12.2245686653241     
  7.496739306051635E-012
 -1.537314199688022E-011
  3.625472848940214E-003
 -0.144298728706957     
 -7.517549700942896E-012
 -1.132061814817978E-011
 -0.114403760295012     
  -3.10511354934396     
 -1.082116001678611E-011
  1.032482362991900E-011
   1.76226269207954     
   52.0410569679510     
  -127.136011568610     
  0.238689738724203     
  -20.4562208715866     
   75.9568912835233     
   52.8527222204932     
   23.0278715593854     
  -61.6772273083231     
  -3.24319163105678     
  -9.52339808749608     
   2.43183346057146     
   20.7149194337137     
  -67.3390949828621     
  -52.4381567330647     
  -13.9460272232432     
   36.3043380594746     
  -45.4184687727109     
  -3.41518288866534     
  -31.8658776679343     
   52.7218199797217     
  -754.674617340864     
   11.4803374887598     
   5.01426290643268     
  -13.1585782054478     
  -664.470134730911     
  -19.6256504806360     
   50.6469097148260     
  -14.0601966137863     
   28.0098625537235     
   10.1529598879855     
 -0.952013408216910     
  -14.7952695338227     
   416.574764123332     
  -254.481100673548     
   44.1096925733020     
  -103.161026073714     
   860.527841038831     
  -424.541412873418     
 -0.102900621494449     
 -6.406921933238374E-002
 -0.742666254318120     
  -13.6510330689036     
  -8.18615516395534     
  4.003888441312625E-013
  0.131779913105887     
  0.626544725131695     
  0.996629415209325     
   9.06778375074711     
   3.39502523264181     
  -3.07108168467066     
   5.76808995455015     
  0.257637965574465     
  -3.49238422678445     
  -4.77349902544885     
 -0.715590622702650     
  -5.45906078303350     
  -4.03344491053456     
  -3.66195080129063     
  1.062903442626606E-002
  -8.13351686169473     
   2.38570636862493     
  -3.36805326220667     
  0.953706474809939     
   1.71607194318397     
  -5.71290212397412     
  0.103871941989366     
 -0.452792856187178     
 -0.609835896834289     
  0.561910199371670     
 -0.994196902155590     
   19.3039389802207     
   166.776253866813     
  -23.9126040608939     
   58.6477536322463     
   3.13159789410293     
   19.1284442003370     
 -1.377832450838562E-011
  6.760515861499494E-012
  0.455624238208215     
 -0.314828950730639     
 -0.887376850368428     
  0.901428013028258     
  -11.0913757885079     
  -6.38500696315715     
  -89.3363928650483     
  4.205676638557598E-002
  -10.4129639123963     
  -7.86515312929771     
   10.5162175546840     
   77.6902030742306     
  -1.44756784268197     
  0.728093841230826     
   15.1553290121237     
   8.96877043478556     
   4.83278287095456     
   82.3225875909852     
   702.858391550064     
   2.76160131313806     
  -33.6315383748951     
   34.9790352449614     
  -713.536994302752     
   435.917323769467     
   297.157927070406     
  -8.49911120943588     
  -63.1143806503570     
  -426.035070052195     
  -471.827187838054     
 -1.057861502122010E-012
   6.74970033877237     
   1.23918024418384     
  -2.10836549177882     
  -15.4969145423136     
   25.4225451677437     
   6.54049397062320     
   11.6629331538940     
  -20.2275905151740     
   180.191151279692     
  -1.37317658927234     
  0.742550111311216     
   2.66373022518291     
   133.298039320407     
  -73.9830512818784     
  -4.86572059828774     
   11.6620183443551     
  -1.41923380123536     
   332.265007273780     
  -220.170273859290     
  -106.735312376242     
  -11.7843850611118     
  -10.4663788320214     
   25.0604189763817     
  -224.021087444679     
   127.908576835417     
   80.3035012839468     
   233.907162274734     
  9.501345084077833E-013
 -7.015508272359303E-002
  0.128548714666161     
 -3.630811933285101E-002
 -0.137755611425099     
   4.71539900104465     
   4.58208790973521     
  -4.02559052845660     
 -4.350641813844429E-012
 -1.723274674417046E-012
 -9.762721746602554E-002
   8.77337804918417     
  -2.55329290968466     
  7.614346569404935E-012
 -1.740815239311448E-012
   1.85624027718497     
   2.38254493677736     
  -1.58665217240140     
  0.951421097562595     
   2.06493362610898     
   1.37139029092477     
  4.128102215316893E-012
 -7.571095139119122E-002
  0.407701428824825     
 -0.478727984605993     
  -13.2921789178126     
 -1.450423648524635E-012
  5.600986806135418E-013
 -3.601272587926241E-002
   4.28588340769662     
  -1.93947805525589     
 -0.650859324857454     
  -3.29826588377805     
   1.88854446103510     
  1.313077797999060E-023
  3.311519758153477E-033
  7.242168810909377E-002
 -0.220203137204749     
  0.407332923505700     
 -0.213085174659183     
   1.59717127608890     
  -6.47663774405648     
  -78.3466219644778     
  -654.969922917451     
   6.91508826085898     
  -11.4916863265009     
   439.011654765881     
 -5.132393598736890E-034
  1.808466266103374E-033
 -0.800534149920849     
  -229.428541839266     
   224.447561086916     
  2.517298979407490E-036
 -2.209519185083294E-035
  -9.39071446565846     
  -166.897193938374     
  -49.6204604800745     
  -29.9359747314877     
  -132.909402904626     
  -69.7321568678236     
  7.595203930670026E-037
  1.891006815112447E-035
  -3.41363557841739     
  -43.3791444377787     
   29.2738036370500     
   12.9101426640755     
   26.2150887963359     
  -30.4024876555618     
  1.049659780615195E-039
 -5.674321350647560E-002
   4.60621850362694     
  3.275979114342357E-049
  6.635031206437043E-051
  0.134439799534691     
   5.33307322546754     
 -6.763308953928720E-052
  7.984353378946672E-055
  1.638538900449212E-002
 -3.416575645199346E-002
 -3.613340910393286E-068
  8.914806196058784E-071
 -0.229481034280410     
  -102.841399161622     
  0.000000000000000E+000
  0.000000000000000E+000
