-1.03620745694
0.80905470435
6.30063585601
2.85776667691
2.01385182585
-0.434196343761
-9.87129106972
1.93625318616
-0.753170927638
-5.67980784611
-4.3726763064
0.30067716324
4.33043245133
-2.5733158927
0.0471010162698
0.880284791828
1.84811284482
-32.5149169105
-10.2878434577
-17.7513063647
15.6828176144
21.0059646684
-15.0361798444
6.94908649625
8.67420715557
-0.629403958984
-2.19906195242
12.9742571245
6.11637186393
10.3829613643
-10.6110489276
29.5340601846
-9.62459661116
-0.986394624337
-5.29522096671
-1.34366863172
8.36931384326
13.1986468003
-3.84606537052
-2.04142529282
1.36837111359
-6.38996214584
-6.51913605998
-0.926941814763
5.76102688389
14.6012454727
-8.68657542688
20.4929501865
-8.23437190357
10.3991439558
8.69383988182
-8.08905862463
-10.4045914568
-7.98868178809
-8.20356043685
-4.19952507273
2.37058924019
-7.42631686408
-9.38627781221
2.88301055121
17.1309968796
1.06390980785
-4.00880541889
-1.15249419408
-7.5685730369
11.2827751426
-17.4089285868
-6.92965491202
-12.5306703851
12.8428324992
7.70393885685
8.38839294139
-1.3481204305
6.76764086128
8.92785002575
-3.38950842276
3.03276547452
-14.6653124062
9.43516146215
-0.766252204691
5.6833759649
6.34420000603
5.99859019281
-25.3541019196
-5.60109656003
-17.118145194
-13.2919892817
-2.04827725948
-17.6167051399
0.499102681812
-7.80828520911
47.3585492591
18.9476614532
3.37883300794
36.6227127115
-2.19033077751
-19.0195305267
-34.7782166442
10.075765339
-6.26406326459
-41.7622488593
10.1219231402
10.5770915028
4.26792648657
-12.7293524971
-4.60894026246
24.7368292648
-14.1673024044
19.0071732835
-8.56724268144
-16.9368088968
-42.7674257388
13.7067969979
-10.3567944117
53.2024715437
19.2632120698
4.70041526938
35.2430339307
8.7469614922
4.52859956602
-12.1707365387
-29.0295214997
14.8860405507
-2.40162619196
-30.3266929526
1.5411603787
6.66619427552
-1.89479657707
1.85695370038
0.329956858481
-11.9349189103
-32.697721459
16.1301101963
-5.12072958082
-13.9930536068
9.58725934118
2.88125845662
-30.7837810704
7.27502247803
1.07102619106
-8.40225083714
12.0205588956
4.48344504529
44.1935114542
13.0662866474
8.63578985172
0.0724981815143
-2.46907156288
14.0319791366
12.0764270017
1.59573991267
5.40096984245
-29.6149166929
-26.2635624971
18.5853356493
-7.93204100557
25.3275683319
-27.5463792637
12.5367940845
3.51669918076
-28.0982655862
36.2721439084
-4.62269145419
1.50729417673
-12.9767091459
2.09198605071
-26.3327325692
20.0473579869
2.55742783235
7.81792346036
11.8592313702
12.8598107978
-3.51564375665
17.7328066674
-21.4943717257
-18.6500637357
6.17941788869
30.3962735433
-40.2184247671
-9.62730327758
28.6306737571
24.0497119909
16.9646100798
5.32617278928
11.4973635944
12.9381804702
-24.311919391
7.59982620221
19.7145530858
-24.4847559077
45.1506646536
-19.4260028495
-3.44958970863
4.48181153017
-12.4469250612
-44.9407528415
-15.7263094285
15.5597925909
-4.18784424225
-6.73018475001
6.43445631046
-23.7609622712
-6.02440598637
14.8221867515
13.1208137677
3.33826580162
-5.81454444914
-15.9968612332
10.8493615818
-1.62013798653
-50.4629869453
-9.56129512494
-16.7704886571
1.14238989392
18.9787427188
15.2178064239
23.586123839
-34.8299753581
11.3129251434
-19.1038051059
18.1490755328
-0.76555797956
-19.3440986131
32.1645607603
2.39619144909
0.770561376522
20.0116160301
9.96517034168
-4.62183779233
-6.99367195644
-17.3234432282
-28.8431900563
11.7079435759
-9.42559477214
9.97375492693
-18.5790526279
-4.74798664846
28.6467926271
33.089660423
-6.90350145451
4.40442055167
16.683198174
-7.37804806511
-19.323633196
-14.624652233
-5.01481850287
3.7796579247
11.180808907
-10.696580886
-11.0896005006
-8.6473215078
28.8789234823
-24.9725426726
13.9689043296
-26.2859270099
-1.98787907723
-12.4697116178
8.45496412136
-70.1187202356
38.8324369481
-6.10811864893
16.974418482
1.43044562453
32.7482265636
24.8225761062
76.5680378795
6.66885146383
-21.7408760505
-29.4268396505
-22.5763546369
-10.7033716889
-7.69036777032
-18.097787103
-9.44235459412
3.95804356624
12.0274813264
17.3874270785
-0.866109964207
32.3409673451
-83.9846500302
3.40970992414
-20.511621827
-24.8083264774
-22.8006796471
5.67782841901
64.1407925168
41.6075502105
-60.9775158077
20.3667411755
38.9997261406
-14.3024706326
4.97324574265
34.0475655916
-0.682909130719
-55.2549532951
33.1546977014
-47.4729494752
37.6923597644
-13.2696815581
-6.02401541954
10.3529867431
53.1883437411
-11.2624447245
-24.4794223319
-41.2463290872
0.676270221202
1.72415975003
93.8472891432
-97.7376481345
30.853384517
43.1008991773
-7.1087171339
12.0666746949
-11.5299477459
-72.6295909765
36.8210025327
15.7413227701
19.6346473973
-30.3538863743
-11.1366265677
3.41624527656
-26.163902157
43.3240240274
-10.4281892226
31.6208685871
-9.01237066668
-8.92778637806
-13.3161983964
-11.479770489
-64.971705769
27.1120915015
13.5884156207
-21.1947305467
-21.3094444025
44.9083986464
-16.5213320136
-6.0966244457
-10.8985745854
37.6573569121
42.1848137104
-5.35634219223
7.26520618279
13.4932071299
27.4577188138
-6.90417925475
56.4832640745
-6.26137202228
16.0713158749
23.8403270413
-12.4571366146
-15.7732859477
-42.8381665849
15.5596526814
-34.1994014767
51.67607231
-27.1575767197
-10.0529524021
22.9635696297
33.229313105
5.48887171796
18.9780340406
-47.7584553169
-2.96994926702
10.6835128758
-1.41105584596
8.48877637654
-37.9935322034
3.44933926329
19.3219150386
-13.4817712271
23.6228351186
-36.4997977113
26.1086603147
-2.29637566323
-28.2139272465
38.0737862131
-17.3652905859
67.5058193166
23.2517599233
2.35259925806
-25.9750527897
-44.2491907736
41.1645597121
8.04462751849
-45.3245533133
55.5151980612
20.0707456675
-2.32096599996
-4.84927786269
-25.8036806579
-38.7456258611
-4.80671206812
-14.5839090611
45.9174293114
87.7497329157
-30.8663038887
-34.5203109053
14.8279185739
39.0545555878
25.9871274787
-76.1373231595
-10.4838328511
-22.2414279246
-24.8848372578
-25.6698747829
-18.0437909894
28.1898867863
-13.0024767969
19.6517137936
-35.2296859078
-49.5412313489
-12.7063895788
-13.5508170256
-48.6145150925
0.548562304698
27.4257122542
25.7210180315
-6.36969306326
12.7319555086
-5.85697036875
-40.5003847938
27.4586200509
-16.3234363564
-14.006100539
8.49938473255
-3.43712650627
-8.85315863849
21.9600083656
31.2533592565
25.7410928935
15.5228629761
-54.5076392179
-1.00119938242
-30.8362844027
-11.4935392597
-22.4526759983
32.768844099
7.7445507825
-23.943648148
18.2348555326
20.8496151953
-26.8005767459
-7.15666290596
-15.2709228567
-13.2400535966
35.8911479841
0.2087500056
26.7616977684
71.5717410965
-24.9552969949
39.992404286
-34.8365712369
19.3136852464
18.6817691108
-20.4094592403
-33.4789839777
16.1310345222
15.4204986043
-124.864187007
70.8817419856
2.87393180012
10.6977935184
2.16197930779
-36.4394329255
-5.71367700716
90.155069808
14.8684832679
12.3988364302
74.3892584296
-34.7521820682
-22.3527159805
29.5249758182
-12.6469047068
-2.62123267686
-6.52882257675
-24.2943020101
-35.5559906491
23.3549956438
57.9383351615
-24.2984627697
0.177020234091
-9.73191578379
95.0515468516
9.01483345374
24.3000345421
86.6789442058
13.9863397216
-40.8591542828
12.0092791016
35.2121695647
-29.2803705417
-15.6769413502
13.0286710221
12.8756228182
8.6863586526
24.1053658417
-49.5575203266
-17.1972554348
4.25281586071
18.4434248162
27.3444413408
-27.1372000656
33.0212500776
1.24805850398
-27.0685511436
41.3840016062
-2.5084797803
21.813333645
-17.8870249913
-0.47258021396
-23.6477033931
-41.6106455744
-51.0319754922
6.26211629497
8.9742179424
-46.3579344133
22.1205499193
-13.8502826302
18.4195395479
-10.2146228043
-16.1972112214
12.3767001833
29.1701730559
-6.30013843403
22.36651733
32.1802662171
8.00223139761
-28.7402655187
24.7640908868
-19.4432649753
16.3726495762
14.7281520846
4.68137363193
14.0480005115
-48.7616347748
-20.4117701335
5.05191325346
-43.9785834023
17.6430831078
34.3711707276
0.0982191269868
-50.1003348606
19.5631668754
39.4948111013
-51.1519243062
38.3521908504
65.7721379854
-46.5995084853
-11.6112225055
22.0190651336
28.5608649643
-16.5931164359
-21.7309120435
-7.60797074338
-61.0285815584
-34.3442639938
2.7499486535
39.5417371392
-29.4823388471
11.451491477
6.01023762327
-3.43791821504
19.1215537841
-3.58501236319
-23.3255821068
-5.53321924784
9.12842680697
9.59722595279
13.3107079766
14.3879530232
8.43949514976
31.4412445628
33.6067034488
-14.2323536697
-22.5975179577
8.03061299475
25.0105057403
-7.29989729954
7.96214917459
5.04654550103
-42.0380612015
-23.1704993541
3.16895646475
3.46366573544
-12.4847872146
-35.9299663954
-19.4281919892
6.16337901913
0.810809797321
6.84273736361
26.9502195072
-19.0190624178
-11.8848490948
-28.1925405137
19.7434480246
-1.27071998624
-28.4343285134
-38.2342537265
-19.6147323477
32.3942111668
-5.05483679618
-6.5847605987
29.7572099446
6.63772416202
18.2091170038
2.58732117719
4.66336942358
-32.0538850109
13.6149902312
-53.4452499577
50.7394500679
-10.3950032652
-12.9864142028
41.7495650807
-57.9200178349
-0.786132934093
34.0428765311
-5.80838610622
-11.2453229393
-24.7104319307
16.8042558684
-29.9756142968
21.4906124985
3.35509816424
7.5149908377
-25.2358855955
-11.6983726674
-33.0996619971
-59.5241234585
-18.6555740857
29.6676943596
28.5589517648
30.2659492163
-0.638601920861
-24.9170341241
23.380084378
37.7872106542
-66.3408041787
-26.3037870492
10.5803992751
-33.1912469649
-13.3523990283
-92.8800855003
-7.09505598825
-8.38333598163
-31.8102411297
-13.7083511948
24.0892060382
-7.05332125147
36.652697548
0.150658899893
0.376087015873
61.7476482204
-44.8180276121
62.9004941389
33.9105734763
-9.8920182519
-16.0879288936
-8.44762070014
33.8624378643
8.18158546358
-1.36973440143
50.5927696985
20.0078319992
38.2542182362
13.2825893303
-29.1929848299
32.5252608848
24.8630585203
-21.9386057583
6.81268681629
-12.5626939701
-53.9382675436
-43.0909509971
-0.232880652295
20.9055387135
10.3194044012
-16.9152366275
-16.3769386464
-1.338042354
26.5715293285
-11.1390352466
-11.8472914874
-69.2691885985
4.18009553813
-29.6399495238
81.0671044841
3.09611893975
-15.2147505218
37.1872787108
60.1638842257
11.5960458803
28.1078983579
-20.463802295
-16.5915070904
-27.3646217037
10.7995872571
-35.6859602816
-2.27093148402
-77.0011930019
8.04306881498
70.1255654341
-12.4366379431
16.4217399797
9.92700429922
5.92744823898
-24.6018112294
17.8964115401
13.5485501203
-64.6774916959
47.1289348465
-12.8564487182
-100.760214568
-39.2583099777
15.1850953558
24.6142404217
122.148080106
-50.9359775952
-28.0357640491
-32.5453757977
19.6916956831
-19.3939447696
-21.5356461552
36.5999486578
-41.7331803214
15.1123732869
-4.65936866632
-33.5716270691
-18.6043170065
15.6828695542
2.16947479684
44.0998758332
-34.8483327695
-8.33264704796
21.6332498723
-17.1305560474
30.9107193561
49.3134065407
-16.9271242885
-15.3121024943
-13.0734163165
-26.8926553325
25.589006695
2.66846480675
2.04396028755
-38.3795250577
-41.2269773893
-48.0860379854
31.9720367499
4.9307954797
9.97822659947
16.1019794662
10.0410730773
22.6705812114
-19.7093359038
23.7932151031
3.34048220022
-26.3353962147
-16.2003245195
-1.18789262339
11.9282701721
-34.6669459487
12.1164244414
-5.21524712826
0.441610748993
-48.4595813706
26.1204635712
13.1772288547
6.83107127905
14.4978290981
-7.7433450682
-6.18175975265
-2.62163026121
20.9419466427
-10.7812830995
-52.7005970598
-24.6954071978
14.9546664609
4.22969289914
-25.3370178906
13.4123570929
26.8621774921
27.9118436373
-20.8678226421
7.32379740914
-10.1973110339
24.8709805786
33.5268492374
8.46985438221
-1.57509038022
16.355536293
-5.839121786
32.7963987101
-1.02151249758
24.8774150048
2.39055970084
4.80205515977
45.7163775592
-33.7782170298
-15.8132828691
-18.118728952
-16.970096082
-72.5308467922
89.7439396123
-65.0200873027
11.5990880214
6.13024717573
-16.5583017459
-5.88762714251
-33.9286916259
-93.0188367445
-13.5963027562
83.6468754081
48.7065060642
15.7912399225
47.3756750013
28.4640473608
2.76999640488
-3.40277984215
25.9449742134
2.65345527031
-0.498418141589
-52.857048983
-38.3316215112
-28.1599475392
-3.61934138023
-24.7408905791
101.415133384
-11.1199703675
8.43764815578
-21.8194895691
-29.2601784275
6.20558153566
-0.746787313487
9.39089864261
-42.0648253715
12.9288391092
23.1838697002
52.4029450241
14.8590580136
12.0481887555
54.9579398985
-0.899903520537
-55.4802656583
8.37513485653
-52.9086562356
-50.3276202427
-2.27595908213
-13.8863475289
-18.8092925606
-10.4336812314
-2.92341861003
42.9081012808
-77.0773726317
-2.64737730211
12.607470401
-16.1004333525
-23.5368550197
16.0701366075
-8.03657795434
-16.9728450065
-27.8897642529
-7.94131619171
46.8823138224
-40.8847934346
9.00504663187
-13.7407056472
15.6338759015
-13.6451558468
34.9068373017
-46.3432937949
17.9968222312
0.13409891608
20.8371192705
-25.5073214371
-42.9932305435
12.4010522865
-4.61555591333
-1.48155162947
42.2371168266
10.1833087092
15.72122994
-19.2065956113
-32.5602110189
18.9632143973
-2.18778949479
-18.9348454564
-35.9585162126
-36.9166811686
-0.300634492372
-55.5233527617
10.476730939
-41.7687487273
-55.1922546344
21.9178815728
29.5567638061
3.47130788514
37.0886437202
1.62410479611
27.8083318253
79.5494067777
-39.7194677206
-53.5118627753
-12.8958210437
33.8501968212
-4.30373191978
14.7017914439
24.6353877158
10.0459254448
-67.8035503461
14.7776885443
41.7265368972
-37.5180197377
62.7434914856
-50.6473040801
-9.63014674796
37.2804917105
-16.7303299175
83.3652526981
112.068869516
-15.0458008321
44.141435296
80.3236072514
39.0556938705
-4.16122747635
-15.4397606445
-88.7498579063
-52.9429215499
-12.3196767889
-30.0634713198
5.62718801872
25.1015412588
22.9369183312
-67.0083087825
15.8700734746
-83.2757039374
13.6661308951
-0.655008842721
125.706782522
96.3796142459
49.4448536715
18.4880337385
-32.6723726707
-39.30816263
-76.3176155454
-91.1630284762
18.0630772149
80.970669941
11.2358766325
-79.8637876564
-26.6737061344
72.8264058716
-33.4600267186
31.5811104382
19.9714200327
-51.562857488
-90.5633604552
55.6123723848
101.576734002
-113.683997521
18.3498373468
-45.0401560172
31.5870654023
-46.332086538
-51.2775858503
-26.4860802151
-17.8572599587
2.13361760849
-10.8899530004
-36.3814415035
53.5066022704
25.7604445901
15.4801853279
92.0901575678
36.6940689297
81.9372495537
-0.313070666945
22.0352389457
-10.5110351222
14.0306070689
-106.841967324
68.6239797776
28.5664314293
-19.8547738867
-3.93609192848
9.61236399889
-32.5578828776
0.00391635221109
15.0236553451
-6.48331949602
-24.2049128128
-87.7857288248
7.70063415423
-17.1780437584
-74.8841420311
52.9542145965
54.6824478176
56.6055190122
-21.7810313936
-42.9592435399
12.014832425
26.0317497202
-49.6251660665
-15.9903243894
50.2044108825
9.12289079218
-75.362590713
-13.7335555842
-15.2173758208
25.5482569886
-7.21689193296
-48.3622780375
7.19066315187
-73.3728837378
75.7051305098
34.7173104093
66.3879960399
107.768910109
23.0802764084
49.0422377241
69.3410765337
-58.6981385483
-12.5304995979
18.4272860219
45.7694965501
-18.3678776768
30.6100850256
-17.8338508081
21.4591325294
92.5372528922
10.6452375363
-2.42742816761
-3.88222170321
33.1033268835
-17.3027739987
-60.4367183484
56.3008041371
90.5714437554
-33.6866010529
-2.60414079416
-22.2945460436
-68.5742752891
33.2528936656
63.584781077
-33.1969445681
30.1463285275
8.50116437751
-10.5042327706
14.0576708755
3.86326657018
-13.3640590366
22.4909158206
-33.3385311503
32.263999463
-19.2711076397
0.543710325949
-7.33385867178
35.4833558675
-42.1956030663
37.6566876996
3.58093245064
-20.7339407475
-10.2273368606
45.0880233069
-21.9607145089
54.1975336315
50.2221623518
-21.9922854487
4.4621691062
34.1380946065
-3.33578993923
80.3129896096
-37.709083787
-55.4612800638
9.93873410413
-26.0631963488
28.1797107106
-13.0402762662
14.5896539107
-38.1535833802
36.4349256455
29.572300959
-19.8730801154
10.9825094535
5.02857619659
-8.73003895831
5.58918983155
-20.2391176154
28.46360227
49.7988944875
-24.72866722
-65.7077162993
36.7755504811
22.0594387882
-4.77546453178
-28.5350567196
-32.2387059113
80.0554340368
-8.21943794462
13.0542503507
11.3834496492
-26.3043824717
1.45395613467
-12.7823230635
-24.7288043327
33.4214322913
17.5794018629
42.4004207909
-52.958571471
88.2988764344
-47.1721294764
-52.8092933916
28.8513264998
27.9317429545
120.056738211
21.4284161006
-7.11870222573
16.38974602
-14.7371456715
7.40377783355
-27.9684849575
50.0803458221
-9.0646899453
10.8226532668
-50.7534588411
16.247804009
-47.4032717535
17.7180116617
15.5991333713
-29.0107378549
-14.3395982109
-14.091839872
67.6327596032
-30.2369553965
-2.52436256758
34.6865089799
-53.7404639233
-19.2081752013
30.7695449183
9.71214574046
-0.0492742886403
62.6065797343
-23.4647187646
0.855759894223
-52.3813873709
-16.4699305516
-48.1681471456
34.49995817
-27.0700308253
7.98317996318
8.93974165744
-37.1464704439
5.18049749366
32.6630172786
3.32618080486
5.16336447652
-6.8648893053
-19.3205076653
17.7668446161
-28.7936685595
31.1491243926
-30.0369673359
13.0323444629
-21.5124019696
15.9319039289
6.24219351289
-1.26383180014
-21.7268950136
-17.8391429161
12.8888623094
-47.4477890607
-22.4629273944
-28.1762386661
28.3393072565
-13.3047689393
19.5022721975
29.1382345816
41.188096447
19.5954643142
24.6747081967
11.20336433
26.1731658052
10.8093538611
26.0270754356
-10.1420211791
22.5263476777
3.56039747595
6.18509750573
7.64617680932
29.4265860571
-36.4368680274
-56.2237650305
-17.5132592354
0.328836573076
-1.990844464
-3.72378557846
0.0854227550881
-38.6710697279
19.7607080663
-24.9046402005
-24.1691754037
25.6155144141
-14.3183764102
-7.04748229759
-4.83197535336
3.73583585332
-8.90193960949
-19.5902834265
-22.1301825689
-1.79838718934
-3.41972188655
-15.2102156956
36.6684796909
-18.8659117809
-7.34632083111
-53.5130783459
13.3757462504
59.5065769676
-19.8177704392
-7.61374912493
10.5459689543
19.4783083686
24.5907443488
-5.08224052381
-34.5272409921
-6.45718506082
6.22917393848
22.6489563043
8.44909207256
6.76022663313
-20.5828454818
12.9428704022
123.016196171
10.7223838128
-47.8533690773
19.0974858754
71.1821115573
-11.0758634801
23.1172129786
-25.7743718847
23.4083776596
-18.8463114983
74.4949433312
11.7102318205
-11.8799751729
-2.36400025597
-10.5515294525
12.0907218854
11.1739623712
-6.42887593275
25.7347499912
3.71454963162
-43.2151997226
-5.5274456466
-43.081438224
42.0942357167
26.9932384944
24.3136553756
-20.8605394776
-17.5789364549
-0.591377790346
29.9823842555
-77.6665242125
-17.012336984
85.279093605
-3.22593039261
-30.9950858534
22.7835298705
56.1174119963
21.4163018113
12.0055824531
-27.6168389099
34.9499233272
2.44538488371
-29.367439929
-25.9130440012
-20.3195328337
19.2021891307
29.2098402087
-114.027810335
-49.348634423
-8.47826853809
12.0496212673
49.5978515743
-1.3477241127
-55.7954264008
-3.0180929085
19.7169831323
54.432678754
86.8453542736
-18.8749420399
0.591415500527
-27.4583778345
-17.4648933203
-11.7326931306
42.7486391672
28.3371129866
-28.6269039026
38.1170735733
3.52157805853
36.326359644
-30.9690386785
-17.6763732169
35.2085540319
-20.5793054185
5.96860201745
-6.50378752753
9.99192512918
56.0883907971
-124.11039492
-4.88218622498
3.98693390057
44.6621407534
-23.6115927203
-15.3668674747
53.673591877
6.09350404731
10.5237331894
13.1855587719
-26.6435018909
-15.8702131734
-20.7912363356
-44.5972218653
-11.6527934031
-13.9032992038
-17.0255544236
9.3282170194
26.3832584776
-1.03358051794
6.29377011146
14.3511111539
-14.9135455
9.28201823628
-48.7021746052
21.9329079457
-37.268436198
40.0365692105
-44.9081037617
-12.899820725
114.088089468
-16.6441513672
-13.4451501758
-42.3424036899
-35.1604467424
-39.638767486
-2.31489903801
-7.84732322092
-7.76343833085
-36.60782162
-36.6008803059
45.5399800981
-145.849281252
40.9733326577
-90.3629039598
-17.5060839145
3.12339970659
44.0465654128
-15.2976214782
31.0790332935
-15.3890902811
37.1425882447
45.120733579
-49.7942109508
-86.5493892649
6.92721133576
23.1862859767
-6.35278130892
30.0194209486
-104.832370951
-34.7393293492
0.850712119233
7.07920569939
46.1972316976
26.0729453238
-132.457684511
48.677591816
20.0616753069
-8.62139022878
-20.4321872261
-47.8030002949
-16.079632673
24.7411060679
-14.0702614295
-42.859182051
26.4898977013
8.40509434138
-37.7139931241
23.9824926974
23.5517962653
-47.7478355408
50.9750597591
-37.4133465379
40.5259955221
-32.401857996
-34.8406399419
54.3349365873
-29.1542027198
11.8105541031
-11.1880479014
-20.2481216699
-6.30563475018
-16.6666596594
-4.14664898926
25.5335493109
-18.6903397842
37.1335775702
-27.0108386499
79.1581368033
116.069798503
13.948417893
8.64822934691
41.9480817327
24.4978139561
17.6350020432
20.4942964963
-0.894237616693
21.4412307102
-5.86252455377
-21.862170769
3.34993495909
13.5559405521
-18.9874878947
5.64169881968
-26.9606385034
-21.4293165615
-56.8666063184
-79.2513380885
-140.907539719
-35.7333196
14.9157494174
20.8327086487
49.423296148
36.686309857
36.7914109937
2.17801799695
19.2694996859
16.182814642
-12.58839419
-9.01789019622
-6.97077592483
16.2798696226
-21.2523922589
-104.376934727
-30.8220217699
-63.4722142986
57.5802359554
58.4912019599
37.5106534109
9.70678377007
-75.6986498579
-33.4488121283
38.6405878028
-31.6970789531
-32.4051956111
-46.3362822562
69.1693224866
58.8629542569
9.97287677698
12.6159647866
48.3450953246
26.1716996166
-29.9294725595
-3.21449271519
42.7543959865
91.2956974704
-82.7714550083
-21.2060235687
-75.4648479
-44.5053936041
-40.4063526658
-17.7691928202
-14.0778057302
-24.6860377826
-15.4093795892
-40.0455424072
-18.8247486699
-7.67421311817
-38.927192045
13.9074806282
37.1029206234
-17.2094326514
40.9872345642
-16.5156617049
11.6182644313
-16.1221558682
-49.5181845636
3.83368865111
88.0409340447
-76.2686769149
-23.4169893514
11.3661397741
25.8832398499
19.1256819583
7.21662223943
-16.4946776774
-63.8788134331
-5.51066332736
27.2984183721
5.92393047164
-41.1463041586
36.4992014853
61.4488394561
-15.6278554816
-30.8821839015
-22.3052049594
2.99069606843
9.84009190861
-23.2444264265
-0.595609821854
17.8904687609
-16.5486201274
-45.905641524
20.1574529491
-36.2697078018
-15.5048588355
13.3839736634
-44.8237511065
18.747289868
-11.120445513
-29.1979559088
-25.8600785105
-24.1086146483
-1.4703761987
29.2985543291
-86.736788199
9.0253657463
-0.514640584332
-3.61985969463
-13.468279702
-97.214959947
-70.8859924431
-40.6044534842
-20.4986765831
30.0530825822
-102.898214695
-27.2706534611
51.8573955847
-0.604861089582
85.6919351991
154.581859672
106.496132579
1.40156433151
31.6299996768
-26.3028554493
-10.0441033269
-1.48969541312
-28.4753988106
-4.79629217863
-97.8736336215
-47.6137789005
24.4683846155
-12.9409279147
7.63914878965
30.3080676199
-1.95638661467
5.20011057169
7.5486109676
19.9859112034
-1.63232684374
37.2892825233
-4.33413286625
-54.146695726
11.6352296507
-59.0334588301
-34.2626986376
-107.884350592
-159.20777599
44.7960227675
-13.6085441306
21.1761652
-14.3683473896
33.1879921816
16.9987313798
-6.73912028449
8.67961427865
-8.56383408685
-7.79419412829
-26.6394534969
-41.3480649648
9.90513040858
-8.84051583228
8.41927183764
17.8617011001
-33.0953119625
-8.33324090988
26.7994542827
6.97599793514
15.2156999762
-17.95582383
-12.6895382923
-14.341557287
-11.3289332605
34.080067603
-37.4619973115
-48.5529740881
64.2140044653
37.0641753767
-49.0407826524
-33.7983745053
-12.2189176941
-0.787377373603
39.8309907515
7.32306447341
-44.9595926923
28.960061173
21.1690261332
29.3034222591
11.073625845
-34.1734197004
17.6485849135
22.6637838971
-32.69779461
-15.7535482359
6.71325458982
11.1718542457
-9.76654769503
-1.61538840288
-6.04166531127
26.4543921885
5.79682161122
-46.3926292418
31.5867045751
3.85149075972
-65.508398215
45.4960426186
-102.938423441
5.98336051322
0.143598185108
40.2015585672
52.361147501
-23.6397525464
-5.63864598166
-15.4097330946
0.221678830624
35.7649018913
20.3983313454
-23.5118979819
52.8475021401
29.0712254999
-32.4404249865
-54.7937718296
-6.60324144346
17.2425036759
34.328200651
9.51232720539
-5.25013673928
-28.2594986497
-40.5614380561
-9.10516590813
-12.7739212568
24.3334772409
39.0600360639
19.9079569887
16.5420331802
-7.74137436381
-28.5696162992
-9.1804332717
-17.4517167508
-2.29202649838
-3.67606904277
7.3170750438
-5.13883702476
-13.6345953145
7.74925642151
15.7268652955
-16.8214929245
2.30507757846
26.2831331332
-0.833476064896
19.4288174413
3.03212657538
-7.50841569886
18.0387035878
72.1604593217
4.70420368008
-9.69612230387
-20.6463684274
-10.6723797631
-31.0262580197
-46.3055612729
25.4522702874
28.8844117728
24.0984301469
29.5153178154
-21.7461318745
3.30029851858
2.86271496229
28.6965449488
21.6277432175
-34.5911083882
25.5699426274
-15.7948049283
-24.9051019169
-17.7606957438
-21.3808476108
3.80198258837
-48.3561927544
27.791803568
-46.2449618607
56.7262795389
-4.33142314399
-8.64416028853
-23.0938729448
12.1256386162
22.4187842146
22.1012664229
-67.7488620459
0.577398847523
15.0094316392
-2.30298869958
-24.6449886806
12.1739614475
24.3035504359
21.9732901783
-5.6806086067
30.1199572864
-5.22499188482
1.53436538382
-15.14177332
12.519858874
3.24304835619
-16.0068079151
-30.1960506957
7.63744134606
31.4045898065
15.0392872904
4.57944081271
19.6244762119
10.5751410772
17.9115843405
-16.6970568711
4.12752670993
34.7474250186
-3.76772055101
11.9332192541
-26.7468856515
8.32353840024
39.3228453105
-14.8903822539
-21.4912690322
46.8088563729
-34.3420036332
16.8467176358
-5.44653432759
-22.8197845837
1.5462888361
-34.549597437
27.1559033832
-14.3010950561
-8.97807598967
-15.2973184874
-24.5383975939
-18.1334440576
-16.7319618789
11.1780132103
-22.0265435948
2.12183211532
19.0705264179
21.8067917676
-4.80733264689
-27.506338889
-4.55247109603
27.6083445042
-9.64989937649
32.4427925548
-2.77365638221
-9.66747874754
-30.781288707
2.97418658751
3.81849329418
16.1604204893
22.1279768774
9.00070751686
6.61490351327
37.4625224885
15.976472821
-16.873327922
16.4217155547
6.74411626454
-8.26578431607
9.65532975409
15.6917019226
41.0366421928
6.31021974196
-49.0264127408
0.474874384309
-11.0226553704
-1.52644749911
-26.8306908023
-5.02161103973
-2.48785367092
12.9716232971
32.9636702705
-17.3570524983
-7.80227963785
-1.63575872454
-10.0999151029
14.0238405814
12.3057378572
-0.507624674904
2.22158310067
-20.9722072726
18.5064677364
8.1183037162
19.83237191
-23.8539084282
6.55141267447
-17.156651883
-55.4692850409
73.6715383262
-51.6245706168
15.9343639698
6.02101405571
0.67406591808
-28.9634053836
10.2627225515
-15.2878721183
-12.5180274419
58.5668442149
-34.9937932438
-37.8684744357
51.3357460911
0.606310243504
-8.620434913
-2.81377232383
-94.5389902037
18.2089218058
7.16077225095
52.2915050535
-19.2665828107
13.5705742248
2.69569838957
-1.30551134739
-5.7761595804
-4.27404410578
-25.3432741215
24.3929580068
133.172683597
-109.031474423
-81.4714851196
56.1230684372
-9.96487016086
31.2061268717
-43.0061847057
-24.9975714159
16.3665606207
-9.9829864598
-15.4683749846
11.0372669961
28.1517884468
22.1849029851
5.2112190698
6.4350618692
0.873420794091
122.811776055
-4.38213206657
-42.3034285442
-59.5544338756
18.4330945749
-21.0991424839
11.3124903951
0.702029309198
46.2971842049
-37.1654415141
-12.6130597816
56.4009435596
-22.9365872309
-18.1703126702
2.58784587969
26.1426515079
155.097416907
-54.0198071612
23.6361497476
-48.0901824571
-50.7668622764
22.1869689396
1.76144851505
161.391750743
-36.4589276289
-63.7414123157
11.5128225827
-3.70072011547
-11.020434964
17.2197013393
27.9700874711
-21.2401198572
-37.9184365989
63.8176316289
98.6310264463
-1.78136496964
-16.9237021047
69.6101118721
-26.4554158665
36.4185043376
-30.2696152683
-42.2792927612
-122.946895643
-46.8253614815
-29.4282400908
-58.0382723562
-5.44315121033
90.667868397
13.3015588861
-21.9043615085
-11.7210287628
4.44874032971
1.01636636791
129.864484884
30.0970775051
-57.3245913391
10.2285668311
-49.9265224499
83.1507611237
19.8408960918
-32.0427488753
-8.97039190428
82.0579208987
-7.89368063828
-12.3009965232
-20.8186111638
-9.79751984895
0.299922643574
65.5767046601
-31.0049024258
-40.2302799268
-19.2139309764
63.4125453323
-27.9918237429
36.3731704946
-5.62978163661
-10.1848722304
-18.053770897
5.70107693439
-54.0891511081
-21.7131846097
3.95194779552
53.7241977016
-28.3838768315
50.4198339292
32.3461251088
-23.4145602433
-32.265114475
16.1799370184
-46.8345919025
31.8007026087
-27.5413777828
-47.818689015
134.091935317
54.581791954
12.1316523147
25.9345070053
3.26434743853
36.2600597408
4.64136412044
3.30191235429
44.7218851961
52.9779268611
8.67842462007
-18.6107306432
-35.8755519267
-143.535432045
-2.83138070833
-31.3356114548
43.715666842
-18.7820233714
64.5111209909
26.7783497188
45.1182068757
-166.666616845
38.5895744696
99.7056630765
0.634707933374
43.9189476983
-118.155048609
-25.8793004544
-40.0043294198
45.6683757852
84.3925596784
13.2530271291
-8.84788666888
-34.3565146331
29.8634892041
40.086423317
-6.83924250638
44.7713798684
83.1760459406
27.2600415511
25.4148854666
14.7252889902
-69.302919908
-10.3777412626
3.51370232731
-35.6936750092
5.77727423035
-30.795819699
6.90811057106
43.3366595518
-49.9548942935
40.5712275002
6.46895252449
63.8806181402
-3.64679548157
-79.300576246
40.8066334421
-2.60099662781
24.042286887
156.880815148
69.0675322496
-9.86529802335
102.242045955
27.3204068592
-57.7936056892
14.0232734213
-27.9780078939
61.3606022826
23.936951953
-42.6566239782
-88.2376391098
22.4223637073
10.1917034511
62.918938681
-11.7061110897
19.2202614388
36.1185486092
-23.8151616357
-66.2130140708
14.2823726047
71.3069162254
4.54039619212
2.96013356119
-18.1990094279
1.9910268085
7.36891174839
-1.78418886423
4.44730625841
35.2305577465
-4.32021596559
-13.6188133304
7.88617774693
-58.3613397045
71.7400741037
15.9844473251
1.34558211832
-25.0558284743
46.0303643482
20.4411643485
-16.9720581614
-63.4642441694
16.4598133563
23.315590663
-33.7637468743
26.9558790564
-44.2523036232
50.736556157
24.3076134947
65.3547038538
-17.3991823821
-2.26442590935
-1.24925648499
13.8986508213
-2.06424090088
-35.8833054504
-6.05045722207
-68.2818627569
-11.3780321905
11.5119234328
-13.6467972301
9.92157711425
-47.4423729639
-32.1392620913
17.9986832308
-17.5290153759
5.66366384375
10.0321475775
-26.9987109484
54.7545844642
26.9275052981
-19.4827442799
2.84718400751
-0.925267904465
-24.5884556881
8.90958130023
7.71759362819
-2.28393539301
7.85959489771
-21.1025800002
-2.83600904205
-1.80815651338
-29.2822625579
-12.1742021682
-24.6786234705
5.86143217988
-5.58495179367
-6.92568860879
31.0567336981
-8.53650263691
-11.5976177928
-1.6579771424
18.4501025803
4.0550796329
19.6662065901
-16.9288088242
21.6383167475
-22.1861822186
-6.56067948106
7.05896009646
-9.99719212098
1.59107270817
5.52235432338
-3.65133696843
-12.1000069396
-1.12441487999
35.1770858526
1.35452680245
3.40727419872
-4.83784526911
14.3784579616
2.40812175506
-2.07383407331
-17.0690874529
31.4943417524
-8.40214383359
34.1029133175
-56.9300446556
-25.1923174686
-16.9789269707
-2.73594753548
-26.4101064325
0.62495939564
1.43265246862
-6.60135489209
14.9145154662
-10.9320787974
-8.30778228854
3.68195423495
-63.7367546274
-40.0170628183
17.7954304572
32.9994217832
-25.917235934
-1.36364468329
136.913467456
4.31303366975
-78.4329108831
-54.2024010143
-41.4041334372
-11.5053713589
59.3209355483
23.9910828859
-151.211538699
55.3344673381
-42.0008327631
-38.5048132904
2.77727864613
-17.1295460889
-25.3257166546
-16.3787239437
18.8809270936
8.65268805326
2.21412776412
-15.9717895206
-42.8007250731
-21.2879280281
-31.8836530136
38.3600209221
-11.4301012822
10.5824609935
6.73792787444
15.628600699
-13.3095839618
0.214609391098
-0.515595818436
39.7880119188
36.4963882251
