
Script Runner: atom_order_change.py
Script Runner: atom_order_change.py

Running: /usr/bin/env python /Users/qingfengwang/Dropbox/Macronode Mirror/PES-Fitting/automate/1_atom_order_change_tool/atom_order_change.py (pgid 58367)
Lines: 380464
Configurations: 47558
8.04199349179
8.10290812639
8.1809615704
8.24133893204
8.29274188458
8.35791325105
8.43249821856
8.48798226363
8.53790303149
8.61135511011
8.68082133289
8.73664050353
8.788486908
8.86436999473
8.93300445314
8.97979285855
9.04452606389
9.11744184714
9.18467779213
9.22743101011
9.28873684586
9.31626867432
8.00853939015
8.05049327635
8.10519908418
8.17556162014
8.2619332938
8.35326743219
8.4428106871
8.52075466578
8.58752975101
8.63693405254
8.67016493366
8.69161504214
8.70688258371
8.72357798145
8.74687366128
8.78628089854
8.84067268596
8.91070924596
8.99074177837
9.07754725092
9.16480951087
9.24337002701
9.31123274645
9.36168234283
9.40158354187
9.43059073976
9.45312258348
9.47424703348
9.47560339157
8.00034867487
8.07030713029
8.15408194542
8.22313984097
8.27605434481
8.34408202366
8.41640285286
8.47835055519
8.52962051438
8.59021689208
8.6504261765
8.69379211587
8.74680668817
8.80659446863
8.87023900425
8.92066966124
8.92729752966
8.06873303748
8.15522453048
8.22922021572
8.29470349919
8.36315338029
8.41160797892
8.45376453199
8.51495391361
8.57269267644
8.63010743969
8.69306831734
8.787878578
8.8831528944
8.0
9.0
10.0
8.0
8.0
8.0
8.0
8.0
8.0
8.0
8.0
8.0
8.0
8.0
8.0
8.0
8.0
8.0
8.0
8.0
8.0
8.0
8.0
8.0
8.0
8.0
8.0
8.0
8.0
8.0
8.0
8.0
8.0
8.0
8.0
8.0
8.0
8.0
8.0
8.0
8.0
8.0
8.0
8.0
8.0
8.0
8.0
8.0
8.0
8.0
8.0
8.0
8.0
8.0
8.0
8.0
8.0
8.0
8.0
8.0
8.0
8.0
8.0
8.0
8.0
9.0
9.0
9.0
9.0
9.0
9.0
9.0
9.0
9.0
9.0
9.0
9.0
9.0
9.0
9.0
9.0
9.0
9.0
9.0
9.0
9.0
9.0
9.0
9.0
9.0
9.0
9.0
9.0
9.0
9.0
9.0
9.0
9.0
9.0
9.0
9.0
9.0
9.0
9.0
9.0
9.0
9.0
9.0
9.0
9.0
9.0
9.0
10.0
10.0
10.0
10.0
10.0
10.0
10.0
10.0
10.0
10.0
10.0
10.0
10.0
10.0
10.0
10.0
10.0
10.0
10.0
10.0
10.0
10.0
10.0
10.0
10.0
10.0
10.0
10.0
10.0
10.0
10.0
10.0
10.0
10.0
10.0
10.0
10.0
10.0
10.0
10.0
10.0
10.0
10.0
10.0
10.0
10.0
10.0
10.0
10.0
10.0
10.0
10.0
10.0
10.0
10.0
10.0
10.0
10.0
10.0
10.0
10.0
10.0
10.0
10.0
10.0
10.0
10.0
10.0
10.0
10.0
10.0
10.0
8.0
8.02083333333
8.04166666667
8.0625
8.08333333333
8.10416666667
8.125
8.14583333333
8.16666666667
8.1875
8.20833333333
8.22916666667
8.25
8.27083333333
8.29166666667
8.3125
8.33333333333
8.35416666667
8.375
8.39583333333
8.41666666667
8.4375
8.45833333333
8.47916666667
8.5
8.52083333333
8.54166666667
8.5625
8.58333333333
8.60416666667
8.625
8.64583333333
8.66666666667
8.6875
8.70833333333
8.72916666667
8.75
8.77083333333
8.79166666667
8.8125
8.83333333333
8.85416666667
8.875
8.89583333333
8.91666666667
8.9375
8.95833333333
8.97916666667
9.0
9.02916666667
9.05833333333
9.0875
9.11666666667
9.14583333333
9.175
9.20416666667
9.23333333333
9.2625
9.29166666667
9.32083333333
9.35
9.37916666667
9.40833333333
9.4375
9.46666666667
9.49583333333
9.525
9.55416666667
9.58333333333
9.6125
9.64166666667
9.67083333333
9.7
9.72916666667
9.75833333333
9.7875
9.81666666667
9.84583333333
9.875
9.90416666667
9.93333333333
9.9625
9.99166666667
10.0208333333
10.05
10.0791666667
10.1083333333
10.1375
10.1666666667
10.1958333333
10.225
10.2541666667
10.2833333333
10.3125
10.3416666667
10.3708333333
10.4
10.4291666667
10.4583333333
10.4875
10.5166666667
10.5458333333
10.575
10.6041666667
10.6333333333
10.6625
10.6916666667
10.7208333333
10.75
10.7791666667
10.8083333333
10.8375
10.8666666667
10.8958333333
10.925
10.9541666667
10.9833333333
11.0125
11.0416666667
11.0708333333
11.1
11.1291666667
11.1583333333
11.1875
11.2166666667
11.2458333333
11.275
11.3041666667
11.3333333333
11.3625
11.3916666667
11.4208333333
11.45
11.4791666667
11.5083333333
11.5375
11.5666666667
11.5958333333
11.625
11.6541666667
11.6833333333
11.7125
11.7416666667
11.7708333333
11.8
11.8291666667
11.8583333333
11.8875
11.9166666667
11.9458333333
11.975
12.0041666667
12.0333333333
12.0625
12.0916666667
12.1208333333
12.15
12.1791666667
12.2083333333
12.2375
12.2666666667
12.2958333333
12.325
12.3541666667
12.3833333333
12.4125
12.4416666667
12.4708333333
12.5
12.5291666667
12.5583333333
12.5875
12.6166666667
12.6458333333
12.675
12.7041666667
12.7333333333
12.7625
12.7916666667
12.8208333333
12.85
12.8791666667
12.9083333333
12.9375
12.9666666667
12.9958333333
13.025
13.0541666667
13.0833333333
13.1125
13.1416666667
13.1708333333
13.2
13.2291666667
13.2583333333
13.2875
13.3166666667
13.3458333333
13.375
13.4041666667
13.4333333333
13.4625
13.4916666667
13.5208333333
13.55
13.5791666667
13.6083333333
13.6375
13.6666666667
13.6958333333
13.725
13.7541666667
13.7833333333
13.8125
13.8416666667
13.8708333333
13.9
13.9291666667
13.9583333333
13.9875
14.0166666667
14.0458333333
14.075
14.1041666667
14.1333333333
14.1625
14.1916666667
14.2208333333
14.25
14.2791666667
14.3083333333
14.3375
14.3666666667
14.3958333333
14.425
14.4541666667
14.4833333333
14.5125
14.5416666667
14.5708333333
14.6
14.6291666667
14.6583333333
14.6875
14.7166666667
14.7458333333
14.775
14.8041666667
14.8333333333
14.8625
14.8916666667
14.9208333333
14.95
14.9791666667
15.0083333333
15.0375
15.0666666667
15.0958333333
15.125
15.1541666667
15.1833333333
15.2125
15.2416666667
15.2708333333
15.3
15.3291666667
15.3583333333
15.3875
15.4166666667
15.4458333333
15.475
15.5041666667
15.5333333333
15.5625
15.5916666667
15.6208333333
15.65
15.6791666667
15.7083333333
15.7375
15.7666666667
15.7958333333
15.825
15.8541666667
15.8833333333
15.9125
15.9416666667
15.9708333333
16.0
Total count: 554
test over
