6 
     -0.00470806
O     1.39511119   -1.15984256    0.00000000
O     1.39511119    1.15984256   -0.00000000
O    -1.37600000   -0.00000000    0.00000000
H    -1.89772309   -0.68115271    0.00000000
H    -1.89772309    0.68115271    0.00000000
C     1.37600000    0.00000000    0.00000000
6 
     -0.00471041
O     1.39511119   -1.15984256    0.00000000
O     1.39511119    1.15984256   -0.00000000
O    -1.37600000   -0.00000000    0.00000000
H    -1.89833116   -0.68194660    0.00000000
H    -1.89833116    0.68194660    0.00000000
C     1.37600000    0.00000000    0.00000000
6 
     -0.00471273
O     1.39511119   -1.15984256    0.00000000
O     1.39511119    1.15984256   -0.00000000
O    -1.37600000   -0.00000000    0.00000000
H    -1.89893922   -0.68274048    0.00000000
H    -1.89893922    0.68274048    0.00000000
C     1.37600000    0.00000000    0.00000000
6 
     -0.00471505
O     1.39511119   -1.15984256    0.00000000
O     1.39511119    1.15984256   -0.00000000
O    -1.37600000   -0.00000000    0.00000000
H    -1.89954729   -0.68353437    0.00000000
H    -1.89954729    0.68353437    0.00000000
C     1.37600000    0.00000000    0.00000000
6 
     -0.00471738
O     1.39511119   -1.15984256    0.00000000
O     1.39511119    1.15984256   -0.00000000
O    -1.37600000   -0.00000000    0.00000000
H    -1.90015536   -0.68432825    0.00000000
H    -1.90015536    0.68432825    0.00000000
C     1.37600000    0.00000000    0.00000000
6 
     -0.00471969
O     1.39511119   -1.15984256    0.00000000
O     1.39511119    1.15984256   -0.00000000
O    -1.37600000   -0.00000000    0.00000000
H    -1.90076343   -0.68512214    0.00000000
H    -1.90076343    0.68512214    0.00000000
C     1.37600000    0.00000000    0.00000000
6 
     -0.00472199
O     1.39511119   -1.15984256    0.00000000
O     1.39511119    1.15984256   -0.00000000
O    -1.37600000   -0.00000000    0.00000000
H    -1.90137150   -0.68591602    0.00000000
H    -1.90137150    0.68591602    0.00000000
C     1.37600000    0.00000000    0.00000000
6 
     -0.00472430
O     1.39511119   -1.15984256    0.00000000
O     1.39511119    1.15984256   -0.00000000
O    -1.37600000   -0.00000000    0.00000000
H    -1.90197957   -0.68670990    0.00000000
H    -1.90197957    0.68670990    0.00000000
C     1.37600000    0.00000000    0.00000000
6 
     -0.00472659
O     1.39511119   -1.15984256    0.00000000
O     1.39511119    1.15984256   -0.00000000
O    -1.37600000   -0.00000000    0.00000000
H    -1.90258764   -0.68750379    0.00000000
H    -1.90258764    0.68750379    0.00000000
C     1.37600000    0.00000000    0.00000000
6 
     -0.00472889
O     1.39511119   -1.15984256    0.00000000
O     1.39511119    1.15984256   -0.00000000
O    -1.37600000   -0.00000000    0.00000000
H    -1.90319571   -0.68829767    0.00000000
H    -1.90319571    0.68829767    0.00000000
C     1.37600000    0.00000000    0.00000000
6 
     -0.00473118
O     1.39511119   -1.15984256    0.00000000
O     1.39511119    1.15984256   -0.00000000
O    -1.37600000   -0.00000000    0.00000000
H    -1.90380378   -0.68909156    0.00000000
H    -1.90380378    0.68909156    0.00000000
C     1.37600000    0.00000000    0.00000000
6 
     -0.00473345
O     1.39511119   -1.15984256    0.00000000
O     1.39511119    1.15984256   -0.00000000
O    -1.37600000   -0.00000000    0.00000000
H    -1.90441184   -0.68988544    0.00000000
H    -1.90441184    0.68988544    0.00000000
C     1.37600000    0.00000000    0.00000000
6 
     -0.00473574
O     1.39511119   -1.15984256    0.00000000
O     1.39511119    1.15984256   -0.00000000
O    -1.37600000   -0.00000000    0.00000000
H    -1.90501991   -0.69067933    0.00000000
H    -1.90501991    0.69067933    0.00000000
C     1.37600000    0.00000000    0.00000000
6 
     -0.00473800
O     1.39511119   -1.15984256    0.00000000
O     1.39511119    1.15984256   -0.00000000
O    -1.37600000   -0.00000000    0.00000000
H    -1.90562798   -0.69147321    0.00000000
H    -1.90562798    0.69147321    0.00000000
C     1.37600000    0.00000000    0.00000000
6 
     -0.00474027
O     1.39511119   -1.15984256    0.00000000
O     1.39511119    1.15984256   -0.00000000
O    -1.37600000   -0.00000000    0.00000000
H    -1.90623605   -0.69226709    0.00000000
H    -1.90623605    0.69226709    0.00000000
C     1.37600000    0.00000000    0.00000000
6 
     -0.00474252
O     1.39511119   -1.15984256    0.00000000
O     1.39511119    1.15984256   -0.00000000
O    -1.37600000   -0.00000000    0.00000000
H    -1.90684412   -0.69306098    0.00000000
H    -1.90684412    0.69306098    0.00000000
C     1.37600000    0.00000000    0.00000000
6 
     -0.00474478
O     1.39511119   -1.15984256    0.00000000
O     1.39511119    1.15984256   -0.00000000
O    -1.37600000   -0.00000000    0.00000000
H    -1.90745219   -0.69385486    0.00000000
H    -1.90745219    0.69385486    0.00000000
C     1.37600000    0.00000000    0.00000000
6 
     -0.00474702
O     1.39511119   -1.15984256    0.00000000
O     1.39511119    1.15984256   -0.00000000
O    -1.37600000   -0.00000000    0.00000000
H    -1.90806026   -0.69464875    0.00000000
H    -1.90806026    0.69464875    0.00000000
C     1.37600000    0.00000000    0.00000000
6 
     -0.00474926
O     1.39511119   -1.15984256    0.00000000
O     1.39511119    1.15984256   -0.00000000
O    -1.37600000   -0.00000000    0.00000000
H    -1.90866833   -0.69544263    0.00000000
H    -1.90866833    0.69544263    0.00000000
C     1.37600000    0.00000000    0.00000000
6 
     -0.00475150
O     1.39511119   -1.15984256    0.00000000
O     1.39511119    1.15984256   -0.00000000
O    -1.37600000   -0.00000000    0.00000000
H    -1.90927640   -0.69623652    0.00000000
H    -1.90927640    0.69623652    0.00000000
C     1.37600000    0.00000000    0.00000000
6 
     -0.00475373
O     1.39511119   -1.15984256    0.00000000
O     1.39511119    1.15984256   -0.00000000
O    -1.37600000   -0.00000000    0.00000000
H    -1.90988446   -0.69703040    0.00000000
H    -1.90988446    0.69703040    0.00000000
C     1.37600000    0.00000000    0.00000000
6 
     -0.00475595
O     1.39511119   -1.15984256    0.00000000
O     1.39511119    1.15984256   -0.00000000
O    -1.37600000   -0.00000000    0.00000000
H    -1.91049253   -0.69782428    0.00000000
H    -1.91049253    0.69782428    0.00000000
C     1.37600000    0.00000000    0.00000000
6 
     -0.00475817
O     1.39511119   -1.15984256    0.00000000
O     1.39511119    1.15984256   -0.00000000
O    -1.37600000   -0.00000000    0.00000000
H    -1.91110060   -0.69861817    0.00000000
H    -1.91110060    0.69861817    0.00000000
C     1.37600000    0.00000000    0.00000000
6 
     -0.00476039
O     1.39511119   -1.15984256    0.00000000
O     1.39511119    1.15984256   -0.00000000
O    -1.37600000   -0.00000000    0.00000000
H    -1.91170867   -0.69941205    0.00000000
H    -1.91170867    0.69941205    0.00000000
C     1.37600000    0.00000000    0.00000000
6 
     -0.00476259
O     1.39511119   -1.15984256    0.00000000
O     1.39511119    1.15984256   -0.00000000
O    -1.37600000   -0.00000000    0.00000000
H    -1.91231674   -0.70020594    0.00000000
H    -1.91231674    0.70020594    0.00000000
C     1.37600000    0.00000000    0.00000000
6 
     -0.00476479
O     1.39511119   -1.15984256    0.00000000
O     1.39511119    1.15984256   -0.00000000
O    -1.37600000   -0.00000000    0.00000000
H    -1.91292481   -0.70099982    0.00000000
H    -1.91292481    0.70099982    0.00000000
C     1.37600000    0.00000000    0.00000000
6 
     -0.00476698
O     1.39511119   -1.15984256    0.00000000
O     1.39511119    1.15984256   -0.00000000
O    -1.37600000   -0.00000000    0.00000000
H    -1.91353288   -0.70179371    0.00000000
H    -1.91353288    0.70179371    0.00000000
C     1.37600000    0.00000000    0.00000000
6 
     -0.00476917
O     1.39511119   -1.15984256    0.00000000
O     1.39511119    1.15984256   -0.00000000
O    -1.37600000   -0.00000000    0.00000000
H    -1.91414095   -0.70258759    0.00000000
H    -1.91414095    0.70258759    0.00000000
C     1.37600000    0.00000000    0.00000000
6 
     -0.00477135
O     1.39511119   -1.15984256    0.00000000
O     1.39511119    1.15984256   -0.00000000
O    -1.37600000   -0.00000000    0.00000000
H    -1.91474902   -0.70338147    0.00000000
H    -1.91474902    0.70338147    0.00000000
C     1.37600000    0.00000000    0.00000000
6 
     -0.00477352
O     1.39511119   -1.15984256    0.00000000
O     1.39511119    1.15984256   -0.00000000
O    -1.37600000   -0.00000000    0.00000000
H    -1.91535708   -0.70417536    0.00000000
H    -1.91535708    0.70417536    0.00000000
C     1.37600000    0.00000000    0.00000000
