        1.0000000000
        0.0000000000
       13.0000000000
        8.0000000000
       18.0000000000
        2.0000000000
        0.0000000000
        0.0000000000
        0.0000000000
      104.0000000000
       15.0000000000
        0.0000000000
        0.0000000000
      234.0000000000
      144.0000000000
        0.0000000000
        0.0000000000
        0.0000000000
       77.0000000000
        0.0000000000
       26.0000000000
        0.0000000000
       36.0000000000
       16.0000000000
        0.0000000000
        0.0000000000
        0.0000000000
      169.0000000000
       34.0000000000
      170.0000000000
        4.0000000000
        0.0000000000
        0.0000000000
        0.0000000000
        0.0000000000
      195.0000000000
        0.0000000000
        0.0000000000
        0.0000000000
        0.0000000000
        0.0000000000
        0.0000000000
     1872.0000000000
      270.0000000000
        0.0000000000
        0.0000000000
        0.0000000000
        0.0000000000
        0.0000000000
        0.0000000000
        0.0000000000
        0.0000000000
        0.0000000000
        0.0000000000
        0.0000000000
        0.0000000000
        0.0000000000
        0.0000000000
        0.0000000000
        0.0000000000
     1001.0000000000
      616.0000000000
        0.0000000000
        0.0000000000
        0.0000000000
        0.0000000000
        0.0000000000
        0.0000000000
        0.0000000000
        0.0000000000
      468.0000000000
        0.0000000000
      154.0000000000
        0.0000000000
      208.0000000000
        0.0000000000
      288.0000000000
       30.0000000000
        0.0000000000
        0.0000000000
        0.0000000000
        0.0000000000
        0.0000000000
        0.0000000000
        0.0000000000
        0.0000000000
        0.0000000000
        0.0000000000
        0.0000000000
        0.0000000000
        0.0000000000
        0.0000000000
        0.0000000000
        0.0000000000
        0.0000000000
        0.0000000000
        0.0000000000
        0.0000000000
        0.0000000000
        0.0000000000
     1352.0000000000
        0.0000000000
      442.0000000000
      120.0000000000
        0.0000000000
        0.0000000000
     3042.0000000000
      612.0000000000
        0.0000000000
        0.0000000000
        0.0000000000
     2210.0000000000
     1360.0000000000
        0.0000000000
        0.0000000000
        0.0000000000
     1386.0000000000
        0.0000000000
      338.0000000000
        0.0000000000
      340.0000000000
       68.0000000000
        0.0000000000
        0.0000000000
       52.0000000000
        0.0000000000
       72.0000000000
       32.0000000000
        0.0000000000
        0.0000000000
        0.0000000000
     2197.0000000000
      152.0000000000
     1674.0000000000
        8.0000000000
        0.0000000000
        0.0000000000
        0.0000000000
        0.0000000000
        0.0000000000
        0.0000000000
        0.0000000000
        0.0000000000
        0.0000000000
        0.0000000000
        0.0000000000
     3510.0000000000
        0.0000000000
        0.0000000000
        0.0000000000
        0.0000000000
        0.0000000000
        0.0000000000
        0.0000000000
        0.0000000000
        0.0000000000
        0.0000000000
        0.0000000000
        0.0000000000
        0.0000000000
        0.0000000000
        0.0000000000
        0.0000000000
        0.0000000000
        0.0000000000
        0.0000000000
        0.0000000000
        0.0000000000
        0.0000000000
        0.0000000000
        0.0000000000
        0.0000000000
        0.0000000000
        0.0000000000
        0.0000000000
        0.0000000000
        0.0000000000
        0.0000000000
        0.0000000000
        0.0000000000
        0.0000000000
        0.0000000000
        0.0000000000
        0.0000000000
        0.0000000000
        0.0000000000
     8008.0000000000
     1155.0000000000
        0.0000000000
        0.0000000000
        0.0000000000
        0.0000000000
        0.0000000000
        0.0000000000
        0.0000000000
        0.0000000000
        0.0000000000
        0.0000000000
        0.0000000000
        0.0000000000
        0.0000000000
        0.0000000000
        0.0000000000
        0.0000000000
        0.0000000000
        0.0000000000
        0.0000000000
        0.0000000000
        0.0000000000
        0.0000000000
     2002.0000000000
        0.0000000000
        0.0000000000
        0.0000000000
        0.0000000000
        0.0000000000
        0.0000000000
        0.0000000000
     3744.0000000000
        0.0000000000
     1232.0000000000
        0.0000000000
      390.0000000000
        0.0000000000
      540.0000000000
        0.0000000000
        0.0000000000
        0.0000000000
        0.0000000000
        0.0000000000
        0.0000000000
        0.0000000000
        0.0000000000
        0.0000000000
        0.0000000000
        0.0000000000
        0.0000000000
        0.0000000000
        0.0000000000
        0.0000000000
        0.0000000000
        0.0000000000
        0.0000000000
        0.0000000000
        0.0000000000
        0.0000000000
        0.0000000000
        0.0000000000
        0.0000000000
        0.0000000000
        0.0000000000
        0.0000000000
        0.0000000000
        0.0000000000
        0.0000000000
        0.0000000000
        0.0000000000
        0.0000000000
        0.0000000000
        0.0000000000
        0.0000000000
        0.0000000000
        0.0000000000
        0.0000000000
        0.0000000000
        0.0000000000
        0.0000000000
        0.0000000000
        0.0000000000
        0.0000000000
        0.0000000000
        0.0000000000
        0.0000000000
        0.0000000000
        0.0000000000
        0.0000000000
        0.0000000000
        0.0000000000
        0.0000000000
        0.0000000000
        0.0000000000
        0.0000000000
        0.0000000000
        0.0000000000
        0.0000000000
        0.0000000000
        0.0000000000
        0.0000000000
        0.0000000000
        0.0000000000
        0.0000000000
        0.0000000000
        0.0000000000
        0.0000000000
        0.0000000000
        0.0000000000
        0.0000000000
        0.0000000000
        0.0000000000
        0.0000000000
        0.0000000000
        0.0000000000
        0.0000000000
        0.0000000000
        0.0000000000
        0.0000000000
        0.0000000000
     2535.0000000000
        0.0000000000
        0.0000000000
        0.0000000000
     1560.0000000000
        0.0000000000
        0.0000000000
        0.0000000000
        0.0000000000
        0.0000000000
        0.0000000000
        0.0000000000
        0.0000000000
        0.0000000000
    24336.0000000000
        0.0000000000
        0.0000000000
     7956.0000000000
     2160.0000000000
        0.0000000000
        0.0000000000
        0.0000000000
        0.0000000000
        0.0000000000
        0.0000000000
        0.0000000000
        0.0000000000
        0.0000000000
        0.0000000000
        0.0000000000
        0.0000000000
        0.0000000000
        0.0000000000
        0.0000000000
        0.0000000000
        0.0000000000
        0.0000000000
    13013.0000000000
     2618.0000000000
        0.0000000000
        0.0000000000
        0.0000000000
        0.0000000000
        0.0000000000
        0.0000000000
    17680.0000000000
     2550.0000000000
        0.0000000000
        0.0000000000
        0.0000000000
        0.0000000000
        0.0000000000
        0.0000000000
        0.0000000000
        0.0000000000
        0.0000000000
        0.0000000000
        0.0000000000
        0.0000000000
        0.0000000000
        0.0000000000
        0.0000000000
        0.0000000000
        0.0000000000
        0.0000000000
        0.0000000000
        0.0000000000
        0.0000000000
        0.0000000000
    18018.0000000000
    11088.0000000000
        0.0000000000
        0.0000000000
        0.0000000000
        0.0000000000
        0.0000000000
        0.0000000000
        0.0000000000
        0.0000000000
        0.0000000000
        0.0000000000
        0.0000000000
        0.0000000000
     6084.0000000000
        0.0000000000
        0.0000000000
        0.0000000000
     4420.0000000000
        0.0000000000
     2772.0000000000
        0.0000000000
     2704.0000000000
        0.0000000000
     2720.0000000000
        0.0000000000
      884.0000000000
        0.0000000000
     1224.0000000000
      240.0000000000
        0.0000000000
        0.0000000000
        0.0000000000
        0.0000000000
        0.0000000000
        0.0000000000
        0.0000000000
        0.0000000000
        0.0000000000
        0.0000000000
        0.0000000000
        0.0000000000
        0.0000000000
        0.0000000000
        0.0000000000
        0.0000000000
        0.0000000000
        0.0000000000
        0.0000000000
        0.0000000000
        0.0000000000
        0.0000000000
        0.0000000000
        0.0000000000
        0.0000000000
        0.0000000000
        0.0000000000
        0.0000000000
        0.0000000000
        0.0000000000
        0.0000000000
      936.0000000000
        0.0000000000
      308.0000000000
        0.0000000000
      416.0000000000
        0.0000000000
      576.0000000000
       60.0000000000
        0.0000000000
        0.0000000000
        0.0000000000
        0.0000000000
        0.0000000000
        0.0000000000
        0.0000000000
        0.0000000000
        0.0000000000
        0.0000000000
        0.0000000000
        0.0000000000
        0.0000000000
        0.0000000000
        0.0000000000
        0.0000000000
        0.0000000000
        0.0000000000
        0.0000000000
        0.0000000000
        0.0000000000
        0.0000000000
        0.0000000000
        0.0000000000
        0.0000000000
        0.0000000000
    17576.0000000000
        0.0000000000
     5746.0000000000
      225.0000000000
        0.0000000000
     1976.0000000000
      510.0000000000
        0.0000000000
        0.0000000000
    39546.0000000000
     2736.0000000000
        0.0000000000
        0.0000000000
        0.0000000000
    28730.0000000000
     5780.0000000000
        0.0000000000
        0.0000000000
        0.0000000000
     5929.0000000000
        0.0000000000
        0.0000000000
    21762.0000000000
    13392.0000000000
        0.0000000000
        0.0000000000
        0.0000000000
    13090.0000000000
        0.0000000000
     4394.0000000000
        0.0000000000
     3348.0000000000
      304.0000000000
        0.0000000000
        0.0000000000
      676.0000000000
        0.0000000000
      680.0000000000
      136.0000000000
        0.0000000000
        0.0000000000
        0.0000000000
      104.0000000000
        0.0000000000
      144.0000000000
       64.0000000000
        0.0000000000
        0.0000000000
        0.0000000000
    28561.0000000000
      706.0000000000
    17042.0000000000
       16.0000000000
