 -0.151455506460542     
  0.999603133180135     
 -0.675928968489724     
   1.04455116851913     
 -0.488304845372551     
  0.262254577843873     
  -4.83099443012416     
   1.85520459299129     
  -4.39101284324032     
   1.22517819181344     
  -13.8842793423633     
   2.36142537221418     
   2.36775372257944     
  -1.41093031949639     
   7.35029190415609     
  -15.7051729295102     
 -0.549663129930947     
  -7.06640006956394     
   14.2843277864385     
  -1.48742857263901     
   2.47714442037142     
  -1.49217619974457     
  0.795537398721771     
  -2.25574539474662     
  2.439250064140763E-002
  0.167600344738071     
   1.71474524703686     
 -0.470654174834393     
   1.72951018508450     
   18.3939938122078     
  -2.45322056783832     
   6.19782502557452     
   25.7938809496935     
  -10.8251550884742     
  -1.61550641406814     
   10.6137512937123     
   4.00312345464028     
  -3.05913223150083     
   4.83898709307603     
   32.9244351616579     
  -15.3361725601565     
 -0.628756779333486     
  -7.25896149755388     
  -19.8429529099347     
 -0.664568785546957     
   16.4388120774119     
  -9.54760832420434     
  -10.4645001574099     
  -5.49100085917273     
  -2.33918521854195     
  -28.0527267469893     
   8.03617050163914     
  -9.12520073620799     
   7.81273901189166     
   3.66705234049305     
   5.89501039913582     
  -9.06167717211727     
  0.746768502994680     
  -3.38339559755075     
   20.8486091495747     
 -0.898917773435347     
  -1.88981865665566     
   1.36219456001561     
  -15.7326679205714     
   30.6583652347687     
   1.00837201228374     
   8.51630859985964     
  -28.9197917688097     
   6.99688009226610     
 -0.717563430963688     
  -2.34558240912818     
   6.70135540818608     
  -2.51491858152171     
   8.47514869160187     
  -6.94110114886553     
   15.7021589963184     
  -2.49205991817634     
  -5.54173327063349     
   1.13121736798301     
  -16.4207296725099     
   26.2177322090395     
  -6.00158705182173     
  -8.44218959346520     
   14.8467707302901     
   4.96577128091966     
   13.7501078846502     
   4.94843201186221     
   7.81907469276064     
  -15.4274814244292     
   3.34899523993791     
   2.55768057762129     
   2.56838840828139     
   1.22161754040690     
   1.65507603158130     
  -1.28735224538092     
   5.21308877200163     
  -1.90889727374051     
   2.07337234832793     
  0.293281103978360     
  -12.0567512825735     
  -8.29331112125269     
  0.226381199814796     
   26.1566169864878     
   38.2485668719676     
  -27.1280725493151     
  -17.5658086692088     
  -44.4689624364606     
   1.10647585897245     
  -10.0834907990541     
  -3.55380697400093     
   6.17011598223463     
   7.91631554527503     
  -17.7147964030981     
   34.2899000485049     
  -3.72119889904297     
   8.09548852867896     
   11.8468445214630     
   15.2052918511553     
   28.0083659226684     
   26.7000266885602     
   52.1585221888265     
   17.0605658675979     
   2.77996226820181     
   48.9262750712564     
  -41.6074692900144     
  -12.2511551601574     
   14.4112415738029     
  -29.6269524143481     
   17.2329597689474     
  -12.8463281014160     
   29.9458353029124     
   42.9762969485459     
   10.2651661662679     
  -49.0387092041095     
   20.3254927875265     
   6.01675892056014     
   2.97597556339871     
  -45.9683923165903     
  -67.6522723770625     
   27.1461312670749     
  -42.0674538450898     
   17.2458017238135     
   5.52731467573734     
  -4.81376189654253     
   35.3108281188035     
  -24.4646204815446     
   1.83025183610740     
   7.66562589814374     
  -5.91958248992974     
   37.8788903624060     
  -23.4955440838130     
  -17.6840146000250     
  -36.8680907271544     
   28.0339349106779     
  -32.1874621735689     
  -9.90509570423552     
   35.3504905994072     
  -21.5582157211208     
   20.7920816699583     
   34.2875857819130     
   32.8019922819827     
   7.87478421972831     
   38.9412796984367     
   31.9181741435983     
  -29.3896000169619     
  -11.3527447809338     
  -21.7112419818300     
  -4.27168644680064     
  -8.35979929530131     
   1.09050033506663     
  -28.1520079864326     
   5.81400980386985     
  -10.1205501453084     
   22.9232788772821     
  -12.4828027866573     
  -16.1776673094773     
   17.6574980413146     
  -40.6991016609883     
  -26.9926103642911     
   11.8174321040697     
   20.0264123228999     
  0.209016933362748     
  -14.8290233661820     
   9.03329501671394     
  -3.11545413552616     
  -26.8466515552179     
  -19.3810706565451     
   4.72481596471287     
  -10.8966741636525     
   50.4087465203262     
  -34.3501122698174     
  -29.4519327105280     
   15.9441955811518     
   19.7928601914306     
   36.9852196676461     
   24.6672498364770     
   23.6447774446811     
  -4.71606680836637     
   22.2933253107443     
  -50.6714202947702     
  -21.2311724004140     
  -54.9119131177001     
  0.990992420505847     
   71.2033177765520     
   47.7077460091197     
   40.8714752510826     
   26.1060827987927     
  -8.03892765983534     
   16.9849632247543     
  -81.6734025921576     
   20.1893599501599     
   5.76368057756512     
  -20.1899279516426     
  -25.2721367780813     
   18.5919168964067     
  -5.46847754234395     
  -28.9164697927895     
  -56.4397033397808     
  -2.47601065018756     
  -23.4681330035869     
   21.8337797995027     
  -3.37706511793563     
  -3.65343764346096     
   13.9161936351359     
   31.0848891916890     
   48.8873561029102     
  -28.9618513409174     
  -26.3702364706963     
  -33.5911088629751     
  -5.43564300694733     
   9.00180263621118     
   2.31679404008118     
   70.9709202001273     
   12.9769372454190     
  -54.2685583255650     
  -1.50450487542566     
  -7.29848225024937     
   66.5626687615228     
  -7.22097309842022     
   10.0292259755266     
  -4.44115514236416     
   2.41314156889104     
   4.59269261235036     
  -28.7512240159681     
  -16.2624320186916     
  -44.6094284491323     
  -2.17490176738017     
   2.33183818054497     
  -3.90888936500039     
   15.3008364821882     
  -17.6582748217865     
   12.7703632984812     
   3.73495858295746     
  -20.9648543157158     
   9.01808224412624     
  -23.1785637364181     
  -14.0741487588341     
  -54.5552461166607     
   40.4523588094941     
  -4.48091921213055     
   5.12579140329435     
  -5.90836742055830     
   11.4154441374966     
  -25.3935384531069     
   1.57881469928891     
   4.12464460166739     
  -2.85281439111424     
   8.51799566251664     
  -17.1963966977630     
   7.99186729270559     
  -12.3946862535744     
   20.2968154543853     
  -5.43941227273690     
  -3.26032761993251     
  -2.40672917857797     
   5.39349780850232     
   4.03758084882305     
  -2.77295642061672     
   10.1947173474409     
  -27.5550497284715     
  -19.5576143637754     
  -43.9819400236178     
   34.4156304020142     
   43.8992536442817     
   32.4936996778196     
   1.15758789650579     
   4.32761603030421     
 -0.892098668704332     
   63.1045432526174     
  -55.6280291351451     
  -3.82396156209966     
   3.53157892318257     
  -25.5046261396663     
  -71.8685654943124     
   21.7342187478776     
  -10.2300439810243     
   5.21019536596659     
  -20.5829419345227     
  -9.63054720862863     
   16.3344812740951     
  -1.13586976286402     
   5.60220172519229     
   8.05786426015834     
  -12.4147462460112     
   6.49817598504413     
  -14.8841821008635     
  -2.09742150873215     
  -3.53357462947002     
   9.98386641875004     
   16.4624426001527     
  -3.79101335575977     
   1.70221797685132     
   12.8172749171402     
  -3.15192683209370     
  0.236698421168636     
  -1.86324417252048     
  -6.34252703672397     
   1.73715428709828     
 -0.754920962965082     
  -2.55723397065483     
  -14.9487212419983     
   5.91166299257498     
 -2.408682096708215E-002
  -18.0333637449728     
  -19.7018578687716     
  -55.0360581633782     
   59.2811857257919     
  -5.40815445967658     
  -65.7709919708114     
  -101.006588044283     
   18.3415708522796     
  -50.6510380557524     
   58.1986137517428     
   108.636969477319     
   128.637325229668     
   14.4416098826783     
   42.7140724176541     
   28.2172101159935     
   85.9068690493711     
   16.1541064113935     
  -42.1665735955988     
  -4.53376710433911     
   9.50565949571254     
  -12.9120525892688     
  -61.5938472116938     
   38.4459921879517     
  -77.5608239606768     
  -51.6761705652643     
   30.1003460963394     
  -142.259787463831     
  -12.0589553243430     
  -49.6524874649616     
   28.2893999936928     
   79.8605374129560     
  -58.3452623250120     
 -0.280657900321046     
  -5.75932383773412     
 -2.407630925150706E-002
  -35.4682626325197     
  -88.3222893535473     
  -25.2983264506770     
  -50.7370530682529     
  -1.05310988991908     
  -31.2518011168248     
  -4.86659318662200     
   6.40818402089587     
  0.332979042063553     
   6.92251671552823     
  -18.8340860532978     
  0.207211205169767     
  -19.7100616141900     
   41.3243600455757     
   35.4009750065417     
   71.3284403855617     
   31.4198656068899     
  -20.9041634879838     
  -18.1828421318994     
  -31.3917421609784     
   48.9706760478479     
  -10.8022127445568     
  -68.9721737000747     
  -12.7995665510075     
   25.0112825366884     
   53.2124502466478     
  -29.5471930173268     
  -4.11864998825856     
  -82.4712571279029     
  -4.07965512287802     
  -26.6729164811382     
   61.3909384164291     
   32.3891840492792     
   7.53545682433203     
  -3.28408033481886     
   17.9585077668484     
  -22.2641396430135     
  -2.65822881825752     
  -30.8857335175794     
  -2.54518094551001     
  -30.6209766308355     
  -39.7999823674855     
   29.0192988117098     
  -24.9735275408240     
   20.2530881145715     
  -16.7869748528772     
  -3.06681563842787     
   38.1546317709304     
   17.4177855586215     
   71.1170917805752     
   19.9741401743274     
   18.4396439537758     
   5.95553257443970     
  -2.90414732249796     
   26.7638172360960     
   42.9362420656565     
   70.5329017015158     
   9.28662471228457     
  -57.7119265285881     
  0.227579564972267     
  -5.04370497641776     
  -64.5362007921733     
   27.2280165319248     
  -5.28232728996509     
  -38.0306628885012     
   86.5251655937498     
  -20.1649449818559     
  -20.0279851600861     
  -32.6555382607697     
   1.62497471551014     
   19.5428880833563     
  -91.1296622897809     
   1.36940783888830     
  -8.94101222725467     
  -59.8674983383970     
  -28.2883307194358     
   22.6593666032608     
   56.4545819425402     
  -1.77839108927561     
  -61.6849825096045     
   24.5471423276291     
  -22.5768688156662     
   65.3686412984706     
   122.101462117640     
  -43.9633006325458     
  -106.619843909799     
   33.3683342357878     
   49.9363723033327     
  -40.4099871959555     
 -0.426216489217838     
  -10.1150777845728     
   104.835405890567     
  -87.5019690841826     
  -21.3082808815343     
   15.0476256463963     
  -123.439360240719     
   15.4342981573361     
   108.848158495346     
  -15.0892791521270     
  -61.4741012631287     
  -68.3218596870599     
  -21.3497366427469     
  -14.8134591836942     
  -85.4383650100347     
  0.326798033691500     
   13.5647221293283     
  -3.51591018140236     
   36.9013240658266     
   36.7501337751480     
  -15.4680418030875     
   43.5592614789380     
   17.3523063223589     
   20.5593253518782     
   34.6705259961958     
  -60.9926619484919     
   91.2742728918851     
   36.9103096940126     
   33.9713804590767     
  -24.1740828732024     
   43.6971362636400     
   4.20396446964394     
  -37.9375545228061     
  -1.55573451945418     
   50.0294150032913     
   38.9871699209738     
  -39.1402675554044     
   44.6922395380948     
  -26.4752953487508     
  -8.16215461042441     
   44.1065847861978     
  -42.9671739941799     
  -1.86160113619943     
  -43.2287173712719     
   13.5979657986151     
  -61.8151045444025     
   24.3292684265365     
   13.4406283769130     
   2.08091102163300     
  -29.8370581018223     
   52.3478323955651     
  -44.6976123031760     
   24.9441893601393     
  -27.5751369609649     
   26.9888898095023     
  -2.19082250368492     
   41.7459621474001     
  -55.9926347764223     
  -65.9401357576200     
  -49.8737787762024     
  -15.1447484333470     
  -3.70196338944652     
  -34.7274872668023     
  -10.4269800983307     
   57.1539167646602     
  -24.9295394452538     
   97.8056686588891     
   74.0090663823832     
  -35.9864117797386     
  -26.2562799723761     
   57.5280868063736     
   47.0128752658594     
  -59.8128659328615     
  -71.9534446792839     
   18.0874387755932     
   27.2130736834456     
   58.9681686511467     
   5.25794015730842     
  -18.9768156714215     
   74.7678548117764     
   24.5351181522719     
   134.342083589921     
   16.2098090288612     
  -123.214216637060     
   110.067448003586     
   12.5713975451508     
   18.0158445368977     
  -1.84497222810504     
   12.6088988285261     
  -1.05880319318527     
  -1.40854570488035     
   3.78451605227503     
  -5.50184405858214     
   1.08488646442690     
   1.05052504679861     
   18.0239602774151     
  -10.6945256645654     
   30.1208344501996     
  -23.4104651095550     
   11.1398647226058     
  -1.42106642540325     
  -8.22198272671403     
  0.602143942909482     
   9.63524220977133     
  -5.64953990663467     
   1.94818444629993     
  -10.0678603326633     
   24.2588977422396     
  -6.04792414183875     
   22.1873305632953     
   22.6567237735502     
   13.9142740048402     
   26.3663405007250     
  -44.1951436209571     
  -15.6220105851863     
  -47.1027772006009     
  -27.0114565714746     
  -2.60461123320852     
  -9.64337385346517     
  -6.33007363754575     
   57.8516876986031     
   23.3109452525351     
  -39.2534681254622     
  -16.5725606929519     
  -56.6232712128491     
   27.8877892879507     
  -58.8983647929283     
  -28.4741009739007     
   3.59590544723175     
   37.2036355581199     
  -88.0713978904214     
  -25.6435521691994     
  -22.3633225183531     
  -27.2975750651279     
  -36.4796657438490     
  -43.0648675801267     
   51.9171775740395     
   18.6137068314646     
   9.72090499466338     
   32.9020571379844     
   32.7113799090652     
   36.4889083250051     
   15.8081109566489     
  -5.97852230365087     
   22.2075376437515     
  -80.1794692873890     
   40.6422837628217     
   42.7265735724422     
   40.2918289204038     
  -58.3932710521784     
   37.4584895664568     
   9.38700306858688     
  -5.24331191177707     
  -17.4280605505318     
  -7.25530556647144     
  -51.3774721255680     
   16.4459661865721     
   49.3084998956970     
   18.5662723168384     
  -14.7439960829067     
  -11.1603378451486     
   7.99263207997377     
  -48.8552903007603     
   31.5955167309501     
   3.98666926985363     
  -8.62619322549865     
  -4.63714160801693     
  -6.57174432676023     
   17.4752000619044     
   15.9693354364144     
   18.2796631012696     
  -11.1366212514645     
  -2.18157941159389     
   6.06086802239710     
  -41.9639765743445     
   2.95327869645372     
  -21.1837808129193     
  -16.9914763546080     
   5.29481008041904     
  -46.6572036568466     
  -24.1963444716657     
  -13.6597649383849     
   1.68208714264673     
   18.6777549843900     
   33.7663844103329     
   72.4962108867237     
  0.916275947278944     
   5.34326504051164     
   3.94684514067864     
  -8.30845350923745     
   27.7422572965121     
   8.24585517394424     
   8.21382736081870     
  -10.9103661978021     
   16.8461557366012     
  -39.2453732247921     
   13.9554841781162     
   12.0688177748658     
   4.90329708900570     
  -41.0683604530974     
   20.7843740503154     
  -8.16519804887979     
  -8.09689162330918     
   56.6997149383185     
  -29.6439346331417     
  -11.1517887938190     
   41.7789903079911     
  -20.5324945469334     
  -5.06854859182131     
  -13.0458347613541     
  -6.28384951146736     
   5.77500079522246     
  -5.38431744222431     
  -24.3531696260536     
   32.1259388760263     
   15.7424324590945     
  -32.5702076521822     
   1.52580578148403     
   35.2963235395378     
   4.50989855864645     
   49.7106933715290     
  -47.1001351352655     
  -24.5399773537186     
  -45.1190432956954     
  -22.2932598944578     
  -18.8561489715383     
   20.6673935542683     
  -36.6492748933476     
  -3.17265957836059     
  -46.1655153122233     
  -17.9292360980606     
  -1.98745223774336     
  -22.4909944459274     
  -55.0792761056534     
  -19.4515483602525     
  -47.3470029119214     
   109.893367914907     
   50.6831247276106     
  -8.24699228117058     
   135.132384935773     
  -83.4937510629601     
  -20.8079818607616     
  -1.47332720144156     
  -72.1782839648150     
  0.519672623536967     
  -15.0447319881643     
  -31.2312377571111     
   31.8187112740060     
  -42.2065103909893     
  -4.84860846514955     
  -9.24951093325509     
   11.5986554628953     
   17.3571112670464     
  -13.7420483025477     
  -6.60675036959957     
  -10.9250634286764     
   51.3815223515585     
  -35.7009688095305     
   38.4145408391316     
  -50.5158597213125     
   105.965510078608     
   17.5098639473142     
   30.8804858669722     
  -19.8168756544481     
  -26.1655545312057     
  -1.23767258161861     
   17.2436959513724     
  -15.3476929615477     
   31.6001575066391     
   22.6494760979630     
   57.3793707698612     
   6.49321245239985     
   4.00800829481268     
  -56.2110900769662     
  -40.0737275239065     
  -8.67138794687138     
  -24.0353628980439     
  -40.9101013790317     
   5.44556325932461     
  -58.0389546315937     
  -26.0513432820872     
   100.579086145542     
   63.0003143021454     
   15.1211281695682     
  -62.3525273251836     
   8.16494774979491     
   3.37683862741704     
  -49.7140617130006     
  -18.7193180352870     
  -40.4288636280068     
  -7.52690052237441     
  -58.4471895410623     
   64.4994213608408     
   11.3653395206509     
  -49.3202831793400     
   71.6772468129886     
   16.4861085570972     
   73.9133983099224     
   13.2605998071141     
  0.459276265612742     
   43.9477580471599     
   12.2902794810376     
  -57.6092125798184     
   7.77368999119196     
   27.2665989808287     
   49.2608327336959     
  -35.6146483633643     
  -7.06450650169147     
  -32.3676175041080     
  -19.3322163449479     
   75.4252122509577     
  -78.3259559626630     
   23.7619559700602     
  -20.6523373195122     
  -6.02547747050106     
  -4.54198020260535     
   128.121461769814     
  -22.9760659384778     
  -8.08265813444453     
   20.3847555399495     
  -108.057259814585     
   55.0859783114470     
   97.3138145564806     
  -25.5151474359073     
  -49.8616531470774     
  -56.3143217007580     
  0.754827981913802     
  0.395011866196289     
  -1.06795927049965     
  -3.34515310879045     
   5.49716050020026     
 -0.134170307399941     
  0.693777479554360     
   5.12820273396697     
   1.16629008452142     
   16.2362809753661     
   14.3395137238818     
  0.276463528046342     
  -9.18562421106554     
  0.677986525507564     
  -2.05272362371746     
  -1.55730296000920     
  -33.6842381680675     
   64.1717942320220     
   10.7546895285344     
   18.7937807568451     
   25.5171041811867     
   39.3951598591626     
  -10.9135148704053     
  -57.7804849792015     
   6.45075939759887     
  -47.1373817026204     
  -28.4773934525814     
  -23.9295583089216     
   1.18094469610332     
   51.5197829093093     
  -4.98412972920449     
   14.0010696661189     
  -27.4533404247219     
   13.3513874294306     
   6.52996836157436     
  -6.71944453741962     
   3.07967574534261     
  -2.46047154503946     
  -5.71683546211309     
   23.2414087197706     
  -5.79907015201883     
   38.4800993788186     
   2.06758526590310     
  0.303051267867652     
   7.13381657041644     
  -21.4313337859012     
  -12.6027531329901     
   2.72781148716501     
   1.46215023299562     
   19.2910088018618     
  -29.8856682192391     
   20.1536154072456     
   11.9223540041222     
   53.1683670886504     
  -46.6158878918154     
  -1.68502834813136     
   3.41930448343605     
   8.15351580651154     
  -11.4749423505967     
   9.88831617876203     
  -2.31588556853247     
  -3.97076720266255     
   3.92260372202219     
   5.92568293304037     
  -7.90842708197468     
  -5.15998177378423     
   2.71627879782733     
   3.18428546728072     
   1.91237678785605     
  0.135512921887436     
   1.58994816347226     
  -3.88167790360831     
 -0.649891886590148     
  -3.88862076966663     
  -1.96355211823327     
  -20.7866009707012     
   25.6316403379084     
   46.6252521736029     
  -15.3440795140703     
  -44.5777148087133     
   10.1794085893086     
  -38.8769199496338     
   17.2000873305090     
  -17.9690513947715     
 -0.788236311938783     
  0.634855698779873     
   7.10325007221915     
  -24.1176992413154     
   19.4290680508296     
  0.745584389154265     
   7.47609105449563     
   52.6471921309623     
  0.816012777074576     
   61.8093581646463     
   5.40445479334421     
  -30.0777848619802     
  -17.2765282858885     
   71.6967051199571     
  -26.3029306148925     
   49.6533278466718     
  -107.063788963185     
 -0.266455923115847     
   23.3834389043760     
   23.2708389821594     
  -32.6866168284531     
  -38.8747201831182     
  -21.7994155722434     
  -5.85542137626713     
   16.3385053395413     
   32.9032668417241     
 -0.477759165490785     
  -1.71908476215123     
 -0.134795957050748     
   3.80258410512226     
   3.01810714439387     
   1.34101212847614     
  -9.40195295295483     
  -10.3503987755826     
 -0.550538463774875     
  -3.84120333836749     
  -9.63351333099481     
 -8.109737336344303E-002
 -3.634094283224987E-002
  0.623977126053399     
   1.41903026906889     
 -0.114849835269375     
  0.275458988167739     
   5.82928005616922     
   25.2016335431218     
  -6.95616792173048     
 -6.191694688055777E-002
